gen,idx,k,score,closed_edges,run_dir,tripinfo
1,0,5,1000000000000.0,-111677668#0;-24337240#4;-311298665;-535519490#1;4935286#2,runs_J_k16_plain\init_seed1\g001_i000,runs_J_k16_plain\init_seed1\g001_i000\tripinfo.xml
1,1,3,1000000000000.0,-311298665;-5197062#3;28468732#0,runs_J_k16_plain\init_seed1\g001_i001,runs_J_k16_plain\init_seed1\g001_i001\tripinfo.xml
1,2,9,455.5133333333333,-111681903#3;-311298665;-502325084#3;-535519490#1;111681903#3;311298662#1;311298682#0;502325084#3;58621262#1,runs_J_k16_plain\init_seed1\g001_i002,runs_J_k16_plain\init_seed1\g001_i002\tripinfo.xml
1,3,2,1000000000000.0,-311298665;37628709#0,runs_J_k16_plain\init_seed1\g001_i003,runs_J_k16_plain\init_seed1\g001_i003\tripinfo.xml
1,4,16,1000000000000.0,-111681903#0;-120682114#3;-28468730#0;-311298658;-311298665;-535519490#1;111677669#2;311298685;37628709#0;4935286#2;498033359#1;498033359#2;58621262#1;782714966#0;876057378#2;880137009#1,runs_J_k16_plain\init_seed1\g001_i004,runs_J_k16_plain\init_seed1\g001_i004\tripinfo.xml
1,5,15,1000000000000.0,-111681903#1;-24337240#2;-24337240#7;-311298662#0;-311298662#1;-311298665;-782714966#1;-876343449#1;111677669#0;120682114#1;26216781#1;311298665;4935286#2;4935286#3;782714971#2,runs_J_k16_plain\init_seed1\g001_i005,runs_J_k16_plain\init_seed1\g001_i005\tripinfo.xml
1,6,16,644.456,-24337240#1;-311298665;-5197062#3;-535519490#1;111677668#3;111677669#3;205590836#2;311298658;37628709#0;4935286#2;4935286#3;4970256#6;782714971#0;782714971#3;783907721#1;876057376,runs_J_k16_plain\init_seed1\g001_i006,runs_J_k16_plain\init_seed1\g001_i006\tripinfo.xml
1,7,13,1000000000000.0,-311298665;-502325084#3;-535519490#1;-782714971#0;111677669#1;120682114#2;25970859#1;311298658;4935286#2;782714966#0;7924772;876057378#0;876057378#4,runs_J_k16_plain\init_seed1\g001_i007,runs_J_k16_plain\init_seed1\g001_i007\tripinfo.xml
1,8,4,644.456,-311298682#0;111677669#1;25970859#0;747448014,runs_J_k16_plain\init_seed1\g001_i008,runs_J_k16_plain\init_seed1\g001_i008\tripinfo.xml
1,9,4,1000000000000.0,-111681903#0;25970859#1;782714971#1;783907721#2,runs_J_k16_plain\init_seed1\g001_i009,runs_J_k16_plain\init_seed1\g001_i009\tripinfo.xml
1,10,16,1000000000000.0,-111681903#1;-111681903#3;-24337240#6;-311298658;-311298665;-7365262;24337240#2;24337240#4;37628709#0;37628709#1;4935286#2;747448014;782714966#1;783907721#0;7924772;880140407,runs_J_k16_plain\init_seed1\g001_i010,runs_J_k16_plain\init_seed1\g001_i010\tripinfo.xml
1,11,1,594.3046666666667,131942152,runs_J_k16_plain\init_seed1\g001_i011,runs_J_k16_plain\init_seed1\g001_i011\tripinfo.xml
1,12,13,1000000000000.0,-111681903#1;-120682114#1;-24337240#4;-25970859#0;-311298665;-502325084#1;-5197062#4;111681903#2;111681903#3;4935286#2;4935286#3;5197062#4;876057378#5,runs_J_k16_plain\init_seed1\g001_i012,runs_J_k16_plain\init_seed1\g001_i012\tripinfo.xml
1,13,14,1000000000000.0,-111677671#0;-111681903#0;-25970859#0;-311298665;-311298682#0;111681903#3;111681905#2;120682114#2;120682114#3;28468732#1;4935286#2;502325084#0;747448014;876057378#5,runs_J_k16_plain\init_seed1\g001_i013,runs_J_k16_plain\init_seed1\g001_i013\tripinfo.xml
1,14,1,627.9686666666666,-24337240#7,runs_J_k16_plain\init_seed1\g001_i014,runs_J_k16_plain\init_seed1\g001_i014\tripinfo.xml
1,15,15,1000000000000.0,-120682114#3;-24337240#6;-311298665;-498033359#0;-498033359#3;-835445203;111681903#0;111681905#2;120682114#3;24337240#4;26216779#1;311298662#0;4935286#2;498033359#3;880137009#1,runs_J_k16_plain\init_seed1\g001_i015,runs_J_k16_plain\init_seed1\g001_i015\tripinfo.xml
1,16,9,1000000000000.0,-24337240#6;-311298665;111677669#0;26216781#1;4935286#2;4935286#3;502325084#1;783907721#1;835445203,runs_J_k16_plain\init_seed1\g001_i016,runs_J_k16_plain\init_seed1\g001_i016\tripinfo.xml
1,17,8,1000000000000.0,-111677671#0;-311298665;111681903#2;25970859#0;4935286#2;782714971#3;783907721#2;876057378#0,runs_J_k16_plain\init_seed1\g001_i017,runs_J_k16_plain\init_seed1\g001_i017\tripinfo.xml
1,18,4,658.3766666666667,-502325084#3;-835445203;111681903#0;24337240#3,runs_J_k16_plain\init_seed1\g001_i018,runs_J_k16_plain\init_seed1\g001_i018\tripinfo.xml
1,19,11,1000000000000.0,-111677668#4;-111681903#1;-311298665;-498033359#3;-5197062#3;-880137009#1;4970256#8;782714971#4;783907721#1;876057378#0;876057378#4,runs_J_k16_plain\init_seed1\g001_i019,runs_J_k16_plain\init_seed1\g001_i019\tripinfo.xml
1,20,1,1000000000000.0,-311298665,runs_J_k16_plain\init_seed1\g001_i020,runs_J_k16_plain\init_seed1\g001_i020\tripinfo.xml
1,21,1,1000000000000.0,-311298665,runs_J_k16_plain\init_seed1\g001_i021,runs_J_k16_plain\init_seed1\g001_i021\tripinfo.xml
1,22,1,450.58133333333336,4935286#3,runs_J_k16_plain\init_seed1\g001_i022,runs_J_k16_plain\init_seed1\g001_i022\tripinfo.xml
1,23,1,1000000000000.0,-311298665,runs_J_k16_plain\init_seed1\g001_i023,runs_J_k16_plain\init_seed1\g001_i023\tripinfo.xml
2,0,1,450.58133333333336,4935286#3,runs_J_k16_plain\init_seed1\g002_i000,runs_J_k16_plain\init_seed1\g002_i000\tripinfo.xml
2,1,16,1361.2213333333334,-111677668#4;-24337240#4;-498033359#1;-498033359#3;-502325084#1;-782714971#3;-835443464;-876343449#0;-876343449#1;111677669#5;205590836#2;37628709#1;5197062#3;783907721#0;835443464;880137010,runs_J_k16_plain\init_seed1\g002_i001,runs_J_k16_plain\init_seed1\g002_i001\tripinfo.xml
2,2,16,643.064,-24337240#0;-24337240#7;-311298682#0;-502325084#0;-502325084#3;-835445203;131942152;26216781#1;37628709#1;4935286#0;4970256#6;782714966#1;783907721#0;835443464;876057378#2;880137009#1,runs_J_k16_plain\init_seed1\g002_i002,runs_J_k16_plain\init_seed1\g002_i002\tripinfo.xml
2,3,16,1000000000000.0,-28468730#0;-535519490#0;-535519490#1;24337240#4;311298662#1;311298682#0;4935286#1;4935286#2;498033359#0;502325084#1;782714971#0;782714971#2;783907721#1;835443464;876057378#2;876343449#1,runs_J_k16_plain\init_seed1\g002_i003,runs_J_k16_plain\init_seed1\g002_i003\tripinfo.xml
2,4,16,1000000000000.0,-111681903#0;-498033359#3;-535519490#1;-782714966#0;-876343449#2;111677668#3;111677669#2;24337240#3;26216781#3;311298685;37628709#0;498033359#1;502325084#3;7924772;835445203;876057378#3,runs_J_k16_plain\init_seed1\g002_i004,runs_J_k16_plain\init_seed1\g002_i004\tripinfo.xml
2,5,16,617.6733333333333,-111681903#2;-24337240#1;-498033359#2;-5197062#3;-835443464;-835445203;111677668#3;111681903#0;311298658;4935286#3;4970256#8;535519490#1;782714971#3;876057376;876057378#0;880140407,runs_J_k16_plain\init_seed1\g002_i005,runs_J_k16_plain\init_seed1\g002_i005\tripinfo.xml
2,6,16,1000000000000.0,-120682114#2;-5197062#3;111677669#3;28468730#0;28468730#1;311298658;311298662#1;4935286#0;4935286#2;4970256#6;498033359#2;782714971#0;783907721#1;876057376;876057378#2;876343449#2,runs_J_k16_plain\init_seed1\g002_i006,runs_J_k16_plain\init_seed1\g002_i006\tripinfo.xml
2,7,16,653.7106666666666,-111681903#3;-24337240#3;-24337240#4;-28298231;-311298665;-535519490#1;111677668#4;111681903#0;111681903#3;24337240#3;24337240#4;311298662#1;311298682#0;4970256#7;502325084#3;62826731,runs_J_k16_plain\init_seed1\g002_i007,runs_J_k16_plain\init_seed1\g002_i007\tripinfo.xml
2,8,16,664.286,-111677668#3;-120682114#3;-25970859#0;-25970859#1;-498033359#1;-782714966#0;-782714971#4;-783907721#1;-783907721#2;111677668#3;111677669#3;131942152;24337240#5;25970859#0;502325084#0;58621262#1,runs_J_k16_plain\init_seed1\g002_i008,runs_J_k16_plain\init_seed1\g002_i008\tripinfo.xml
2,9,15,392.412,-111681903#0;-120682114#3;-311298682#0;111681905#1;24337240#2;26216781#2;28468730#0;311298685;37628709#0;4935286#2;4935286#3;498033359#1;502325084#0;58621262#1;876057378#2,runs_J_k16_plain\init_seed1\g002_i009,runs_J_k16_plain\init_seed1\g002_i009\tripinfo.xml
2,10,16,633.5986666666666,-28468730#0;-311298662#0;-502325084#0;-7365262;-782714966#1;-835445203;111677669#0;111677669#2;111681905#2;24337240#1;25970859#0;28468730#0;28468732#1;782714966#0;876057378#2;876343449#0,runs_J_k16_plain\init_seed1\g002_i010,runs_J_k16_plain\init_seed1\g002_i010\tripinfo.xml
2,11,16,1000000000000.0,-111681903#3;-24337240#4;-311298665;-4950193;-498033359#1;-535519490#1;111677669#0;111681905#2;120682114#2;205590836#2;311298685;4970256#7;4970256#8;5197062#4;782714966#1;876343449#2,runs_J_k16_plain\init_seed1\g002_i011,runs_J_k16_plain\init_seed1\g002_i011\tripinfo.xml
2,12,2,617.06,4970256#7;782710712,runs_J_k16_plain\init_seed1\g002_i012,runs_J_k16_plain\init_seed1\g002_i012\tripinfo.xml
2,13,16,600.7573333333333,-111677668#4;-111681903#3;-24337240#0;-502325084#3;-783907721#1;-880137009#0;111681903#3;24337240#7;26216781#2;28468730#0;311298662#1;498033359#2;535519490#0;58621262#1;876057378#4;876343449#1,runs_J_k16_plain\init_seed1\g002_i013,runs_J_k16_plain\init_seed1\g002_i013\tripinfo.xml
2,14,16,1000000000000.0,-111677668#0;-24337240#6;-24337240#7;-311298662#0;-311298665;-502325084#1;-783907721#2;-835443464;111681903#0;131942152;24337240#2;502325084#3;58621262#1;782714971#1;835443464;880140407,runs_J_k16_plain\init_seed1\g002_i014,runs_J_k16_plain\init_seed1\g002_i014\tripinfo.xml
2,15,16,904.5766666666667,-24337240#4;-24337240#6;-311298658;-311298682#0;-502325084#0;-535519490#1;-835445203;111677669#1;111677669#3;120682114#2;28468730#1;311298658;311298665;498033359#2;535519490#1;58621262#1,runs_J_k16_plain\init_seed1\g002_i015,runs_J_k16_plain\init_seed1\g002_i015\tripinfo.xml
2,16,16,372.47133333333335,-111681903#2;-120682114#3;-205590836#0;-28468730#0;-311298665;-498033359#0;-782714966#0;111681903#3;25970859#0;4935286#2;4935299#1;498033359#1;5197062#4;58621262#1;782714966#0;7924772,runs_J_k16_plain\init_seed1\g002_i016,runs_J_k16_plain\init_seed1\g002_i016\tripinfo.xml
2,17,16,1000000000000.0,-111677668#3;-24337240#7;-28468730#0;-311298665;-502325084#3;-535519490#1;-74277990;-782714971#1;-782714971#2;-782714971#3;111677669#3;111681903#1;205590836#2;28468732#1;4970256#7;876057378#5,runs_J_k16_plain\init_seed1\g002_i017,runs_J_k16_plain\init_seed1\g002_i017\tripinfo.xml
2,18,6,572.2,-111677668#3;-24337240#7;25970859#0;311298682#0;4935299#1;535519490#0,runs_J_k16_plain\init_seed1\g002_i018,runs_J_k16_plain\init_seed1\g002_i018\tripinfo.xml
2,19,7,712.1506666666667,-24337240#7;-783907721#1;111677671#0;111681905#1;25970859#1;26216779#0;28468732#1,runs_J_k16_plain\init_seed1\g002_i019,runs_J_k16_plain\init_seed1\g002_i019\tripinfo.xml
2,20,16,1000000000000.0,-24337240#0;-24337240#1;-24337240#6;-498033359#1;-535519490#1;-876343449#1;111677668#3;111677669#3;120682114#1;24337240#2;24337240#5;28468730#0;37628709#0;782714971#0;782714971#3;783907721#1,runs_J_k16_plain\init_seed1\g002_i020,runs_J_k16_plain\init_seed1\g002_i020\tripinfo.xml
2,21,16,1000000000000.0,-111681903#2;-24337240#6;-25970859#1;-28298231;-311298665;-5197062#4;-835445203;24337240#1;25970859#0;26216781#1;4935286#2;4935286#3;498033359#3;5197062#3;782710712;782714971#3,runs_J_k16_plain\init_seed1\g002_i021,runs_J_k16_plain\init_seed1\g002_i021\tripinfo.xml
2,22,16,688.966,-111677671#0;-24337240#2;-28298231;-880137009#0;111677669#0;120682114#3;24337240#4;26216781#2;782710712;782714971#3;783907721#1;783907721#2;835445203;876057378#0;876343449#0;880140407,runs_J_k16_plain\init_seed1\g002_i022,runs_J_k16_plain\init_seed1\g002_i022\tripinfo.xml
2,23,16,1000000000000.0,-111677671#0;-311298665;-5197062#3;111677669#5;111681903#2;25970859#0;311298662#1;4935299#1;4970256#7;498033359#1;502325084#3;5197062#3;747448014;835445203;876057378#0;876057378#4,runs_J_k16_plain\init_seed1\g002_i023,runs_J_k16_plain\init_seed1\g002_i023\tripinfo.xml
3,0,16,372.47133333333335,-111681903#2;-120682114#3;-205590836#0;-28468730#0;-311298665;-498033359#0;-782714966#0;111681903#3;25970859#0;4935286#2;4935299#1;498033359#1;5197062#4;58621262#1;782714966#0;7924772,runs_J_k16_plain\init_seed1\g003_i000,runs_J_k16_plain\init_seed1\g003_i000\tripinfo.xml
3,1,16,1486.456,-111681903#3;-120682114#2;-120682114#3;-502325084#1;-74277990;-782714966#1;-876343449#0;-876343449#1;111681903#0;111681903#3;120682114#2;24337240#7;4970256#7;782714971#1;876057376;876057378#4,runs_J_k16_plain\init_seed1\g003_i001,runs_J_k16_plain\init_seed1\g003_i001\tripinfo.xml
3,2,16,1000000000000.0,-24337240#0;-311298665;-498033359#0;-502325084#3;-880137009#0;111677668#3;111677669#1;111677671#0;120682114#2;24337240#7;26216779#0;26216781#2;28468730#0;498033359#1;498033359#2;782714971#1,runs_J_k16_plain\init_seed1\g003_i002,runs_J_k16_plain\init_seed1\g003_i002\tripinfo.xml
3,3,16,599.066,-111677668#4;-120682114#1;-24337240#0;-24337240#3;-24337240#7;-25970859#1;-502325084#0;-835445203;111681903#3;311298662#1;311298682#0;37628709#1;4935286#0;4935299#1;535519490#0;880137009#1,runs_J_k16_plain\init_seed1\g003_i003,runs_J_k16_plain\init_seed1\g003_i003\tripinfo.xml
3,4,16,1032.4293333333333,-111681903#3;-24337240#3;-24337240#7;-25970859#1;-311298682#0;-782714971#2;-783907721#1;25970859#0;311298658;4970256#6;502325084#0;502325084#1;782714971#3;876057378#2;876057378#3;876057378#5,runs_J_k16_plain\init_seed1\g003_i004,runs_J_k16_plain\init_seed1\g003_i004\tripinfo.xml
3,5,16,654.2313333333333,-111677668#0;-111681903#1;-25970859#0;-25970859#1;-311298685;-502325084#3;-782714971#4;-783907721#1;111677668#4;111677669#3;111681903#3;24337240#1;25970859#0;5197062#4;58621262#1;782714971#4,runs_J_k16_plain\init_seed1\g003_i005,runs_J_k16_plain\init_seed1\g003_i005\tripinfo.xml
3,6,16,610.476,-24337240#0;-311298685;-502325084#3;-783907721#1;-880137009#0;111677668#4;111677669#3;111677669#4;111677671#0;24337240#4;24337240#7;4970256#8;498033359#2;58621262#1;782714971#0;876343449#1,runs_J_k16_plain\init_seed1\g003_i006,runs_J_k16_plain\init_seed1\g003_i006\tripinfo.xml
3,7,16,576.52,-111681903#2;-311298662#1;-498033359#2;-835443464;-880137009#1;111677668#0;111677668#3;24337240#0;311298658;311298662#0;4935286#3;4970256#8;782710712;782714971#0;782714971#3;880137010,runs_J_k16_plain\init_seed1\g003_i007,runs_J_k16_plain\init_seed1\g003_i007\tripinfo.xml
3,8,12,923.5393333333334,-111681903#2;-498033359#1;-502325084#3;111681903#0;311298658;4935286#0;5197062#3;535519490#1;58621262#0;783907721#1;835445203;876057378#0,runs_J_k16_plain\init_seed1\g003_i008,runs_J_k16_plain\init_seed1\g003_i008\tripinfo.xml
3,9,16,771.3093333333334,-120682114#2;-120682114#3;-25970859#1;-4950193;-498033359#1;-5197062#4;111677669#2;111681905#1;24337240#1;28468730#0;311298665;4935286#2;4970256#7;498033359#1;58621262#1;782714971#1,runs_J_k16_plain\init_seed1\g003_i009,runs_J_k16_plain\init_seed1\g003_i009\tripinfo.xml
3,10,16,399.2753333333333,-111681903#0;-311298682#0;-782714971#3;-876343449#1;-880137009#1;111681903#0;111681903#3;24337240#2;24337240#4;311298665;37628709#0;4935286#3;498033359#1;535519490#0;876057378#1;876057378#2,runs_J_k16_plain\init_seed1\g003_i010,runs_J_k16_plain\init_seed1\g003_i010\tripinfo.xml
3,11,16,1000000000000.0,-111681903#0;-24337240#4;-311298665;-311298682#0;-502325084#1;-880137009#1;111681905#2;24337240#0;24337240#4;26216781#1;311298685;4935286#3;502325084#3;535519490#1;876057378#2;876057378#4,runs_J_k16_plain\init_seed1\g003_i011,runs_J_k16_plain\init_seed1\g003_i011\tripinfo.xml
3,12,16,690.6833333333333,-120682114#3;-28298231;-498033359#0;-502325084#0;111677668#0;111677669#2;111681903#2;111681905#1;120682114#3;26216781#3;28468730#0;311298662#0;4935286#3;4935299#1;876057378#2;876343449#0,runs_J_k16_plain\init_seed1\g003_i012,runs_J_k16_plain\init_seed1\g003_i012\tripinfo.xml
3,13,16,2996.4686666666666,-120682114#3;-24337240#0;-25970859#1;-498033359#1;-502325084#0;-502325084#3;-782714966#1;-783907721#2;111681903#3;311298662#1;498033359#2;502325084#0;782710712;782714966#1;783907721#1;876343449#1,runs_J_k16_plain\init_seed1\g003_i013,runs_J_k16_plain\init_seed1\g003_i013\tripinfo.xml
3,14,16,1391.7106666666666,-111681903#0;-111681903#3;-120682114#3;-24337240#7;-25970859#0;-7365262;-782714966#0;-783907721#1;111677668#3;111677669#3;111677669#4;24337240#0;24337240#7;26216781#2;876057378#0;876343449#0,runs_J_k16_plain\init_seed1\g003_i014,runs_J_k16_plain\init_seed1\g003_i014\tripinfo.xml
3,15,16,356.90133333333335,-111681903#2;-24337240#6;-28298231;-28468730#0;-782714966#0;111677669#2;111677669#3;111677669#5;26216779#0;28468730#0;4935286#2;4935286#3;498033359#1;498033359#3;7924772;876057378#3,runs_J_k16_plain\init_seed1\g003_i015,runs_J_k16_plain\init_seed1\g003_i015\tripinfo.xml
3,16,16,1000000000000.0,-120682114#1;-25970859#0;-311298682#0;24337240#5;26216779#0;26216781#2;26216781#3;311298662#0;37628709#0;4935286#2;498033359#1;498033359#3;58621262#1;876057378#2;876057378#4;876343449#2,runs_J_k16_plain\init_seed1\g003_i016,runs_J_k16_plain\init_seed1\g003_i016\tripinfo.xml
3,17,16,846.444,-111681903#2;-24337240#6;-25970859#1;-311298665;-498033359#1;-498033359#3;-782714966#0;-782714971#0;-835445203;24337240#5;28468730#1;5197062#4;58621262#1;7924772;876057378#1;876057378#2,runs_J_k16_plain\init_seed1\g003_i017,runs_J_k16_plain\init_seed1\g003_i017\tripinfo.xml
3,18,16,1000000000000.0,-111681903#2;-25970859#0;-28468730#0;-498033359#0;-782714966#0;-783907721#0;111681905#1;131942152;24337240#1;25970859#0;26216779#0;498033359#2;502325084#1;58621262#1;782714966#0;783907721#2,runs_J_k16_plain\init_seed1\g003_i018,runs_J_k16_plain\init_seed1\g003_i018\tripinfo.xml
3,19,16,660.1933333333334,-111681903#0;-24337240#0;-783907721#1;-880137009#0;24337240#1;24337240#2;24337240#5;311298682#0;37628709#0;4970256#7;498033359#2;502325084#3;782714971#2;876057378#4;876343449#1;876343449#2,runs_J_k16_plain\init_seed1\g003_i019,runs_J_k16_plain\init_seed1\g003_i019\tripinfo.xml
3,20,16,662.7333333333333,-120682114#2;-28468730#0;-502325084#0;-502325084#3;-535519490#0;-880137009#1;111677669#2;111681903#3;26216781#0;311298662#1;311298685;58621262#1;747448014;782714966#0;783907721#2;876057378#4,runs_J_k16_plain\init_seed1\g003_i020,runs_J_k16_plain\init_seed1\g003_i020\tripinfo.xml
3,21,16,642.0293333333333,-111677668#4;-24337240#7;-7365262;-782714971#3;111677668#4;111677669#2;24337240#3;25970859#0;311298662#1;311298682#0;4935299#1;5197062#3;62826731;835443464;876057378#4;876057378#5,runs_J_k16_plain\init_seed1\g003_i021,runs_J_k16_plain\init_seed1\g003_i021\tripinfo.xml
3,22,16,1002.5486666666667,-24337240#4;-25970859#0;-28298231;-782714971#1;111677668#3;111677669#2;111681903#1;111681903#3;111681905#1;111681905#2;120682114#1;24337240#3;311298665;311298682#0;4970256#7;782714971#3,runs_J_k16_plain\init_seed1\g003_i022,runs_J_k16_plain\init_seed1\g003_i022\tripinfo.xml
3,23,16,608.5433333333333,-111681903#2;-111681903#3;-24337240#0;-25970859#0;-25970859#1;-502325084#0;-782714966#0;-783907721#1;111677669#1;24337240#7;26216779#0;28468730#0;37628709#0;535519490#0;747448014;783907721#0,runs_J_k16_plain\init_seed1\g003_i023,runs_J_k16_plain\init_seed1\g003_i023\tripinfo.xml
4,0,16,356.90133333333335,-111681903#2;-24337240#6;-28298231;-28468730#0;-782714966#0;111677669#2;111677669#3;111677669#5;26216779#0;28468730#0;4935286#2;4935286#3;498033359#1;498033359#3;7924772;876057378#3,runs_J_k16_plain\init_seed1\g004_i000,runs_J_k16_plain\init_seed1\g004_i000\tripinfo.xml
4,1,16,836.4226666666667,-111681903#0;-502325084#0;-782714971#3;-835443464;-835445203;-876343449#0;111677668#4;111681903#3;311298665;37628709#1;4935286#0;4935299#1;535519490#1;58621262#0;782714966#0;880137009#1,runs_J_k16_plain\init_seed1\g004_i001,runs_J_k16_plain\init_seed1\g004_i001\tripinfo.xml
4,2,16,575.582,-25970859#1;-782714971#1;111677669#3;111681903#1;205590836#2;25970859#1;37628709#0;4935286#3;502325084#1;535519490#0;782714971#0;782714971#3;783907721#1;7924772;876057378#1;876057378#2,runs_J_k16_plain\init_seed1\g004_i002,runs_J_k16_plain\init_seed1\g004_i002\tripinfo.xml
4,3,13,1230.2566666666667,-111681903#2;-24337240#4;-28298231;-783907721#1;111677668#0;111677669#3;111677671#0;111681903#0;24337240#7;26216779#0;28468730#1;498033359#1;782714971#3,runs_J_k16_plain\init_seed1\g004_i003,runs_J_k16_plain\init_seed1\g004_i003\tripinfo.xml
4,4,16,790.7546666666667,-25970859#0;-28298231;-28468730#0;-782714966#0;-782714971#2;-782714971#3;111677669#5;24337240#5;26216781#0;311298662#0;37628709#0;37628709#1;535519490#0;747448014;782714971#0;880140407,runs_J_k16_plain\init_seed1\g004_i004,runs_J_k16_plain\init_seed1\g004_i004\tripinfo.xml
4,5,8,655.04,-25970859#1;-502325084#1;-782714971#3;24337240#4;26216781#1;311298665;58621262#1;876057378#0,runs_J_k16_plain\init_seed1\g004_i005,runs_J_k16_plain\init_seed1\g004_i005\tripinfo.xml
4,6,16,556.3913333333334,-111677668#0;-111681903#1;-28468730#0;-876343449#0;-876343449#1;111681903#0;24337240#2;24337240#4;24337240#7;28468730#0;37628709#1;4935286#1;4935286#3;498033359#2;62826731;876057378#3,runs_J_k16_plain\init_seed1\g004_i006,runs_J_k16_plain\init_seed1\g004_i006\tripinfo.xml
4,7,16,1328.5246666666667,-111681903#0;-24337240#1;-25970859#0;-502325084#3;-782714971#3;-876343449#0;111677669#5;28468730#0;4935286#2;4970256#7;498033359#3;502325084#3;535519490#0;783907721#2;7924772;876057378#3,runs_J_k16_plain\init_seed1\g004_i007,runs_J_k16_plain\init_seed1\g004_i007\tripinfo.xml
4,8,16,729.6546666666667,-24337240#6;-28298231;-782714966#0;111677668#4;111677669#2;111681905#1;120682114#3;24337240#5;26216781#0;4935286#0;4935286#1;4935286#2;4935286#3;498033359#1;498033359#3;782714966#0,runs_J_k16_plain\init_seed1\g004_i008,runs_J_k16_plain\init_seed1\g004_i008\tripinfo.xml
4,9,16,508.71666666666664,-111677668#3;-24337240#0;-25970859#1;-311298685;-502325084#1;-835443464;24337240#4;24337240#7;26216779#0;4935286#3;4970256#8;498033359#2;502325084#0;782714966#1;7924772;876057378#1,runs_J_k16_plain\init_seed1\g004_i009,runs_J_k16_plain\init_seed1\g004_i009\tripinfo.xml
4,10,16,673.566,-111681903#3;-205590836#0;-24337240#1;-25970859#0;-498033359#3;-502325084#0;-782714966#0;-783907721#1;111677668#4;111677669#4;120682114#3;24337240#7;782714971#0;783907721#0;835443464;876057378#3,runs_J_k16_plain\init_seed1\g004_i010,runs_J_k16_plain\init_seed1\g004_i010\tripinfo.xml
4,11,16,1000000000000.0,-111677668#0;-111677668#3;-111681903#1;-111681903#3;-24337240#6;-311298665;-502325084#0;-835443464;111677669#2;111677669#5;24337240#4;25970859#1;26216779#0;28468730#1;37628709#1;876343449#2,runs_J_k16_plain\init_seed1\g004_i011,runs_J_k16_plain\init_seed1\g004_i011\tripinfo.xml
4,12,16,592.1653333333334,-111681903#2;-205590836#0;-24337240#0;-28298231;-311298662#1;-311298685;-535519490#1;-880140407;111677669#1;24337240#3;37628709#0;4935299#1;498033359#1;502325084#1;535519490#0;783907721#1,runs_J_k16_plain\init_seed1\g004_i012,runs_J_k16_plain\init_seed1\g004_i012\tripinfo.xml
4,13,16,463.912,-24337240#0;-24337240#4;-311298662#0;-498033359#2;-782714971#1;-876343449#1;-880137009#1;111677669#3;111681903#0;111681903#3;24337240#2;4935286#2;498033359#3;783907721#0;876057378#1;876057378#3,runs_J_k16_plain\init_seed1\g004_i013,runs_J_k16_plain\init_seed1\g004_i013\tripinfo.xml
4,14,16,1203.4793333333334,-111677668#0;-24337240#6;-28468730#0;-782714966#0;-782714971#3;111677668#4;111677669#5;120682114#2;120682114#3;26216781#0;311298662#0;4935286#3;498033359#1;535519490#0;7924772;876343449#0,runs_J_k16_plain\init_seed1\g004_i014,runs_J_k16_plain\init_seed1\g004_i014\tripinfo.xml
4,15,16,842.5586666666667,-120682114#3;-4950193;-498033359#3;-74277990;-876343449#0;111677669#3;111677669#5;111681903#0;24337240#4;28468730#0;311298665;4935286#2;498033359#0;498033359#1;782714971#1;7924772,runs_J_k16_plain\init_seed1\g004_i015,runs_J_k16_plain\init_seed1\g004_i015\tripinfo.xml
4,16,16,544.7993333333334,-111681903#2;-28468730#0;-498033359#0;-782714971#3;111677669#2;111681903#3;4935286#3;4970256#7;498033359#1;498033359#2;498033359#3;535519490#0;782710712;876057378#1;876057378#3;880137009#1,runs_J_k16_plain\init_seed1\g004_i016,runs_J_k16_plain\init_seed1\g004_i016\tripinfo.xml
4,17,16,576.728,-28468730#0;-498033359#0;-876343449#1;111677668#3;111681903#0;111681903#3;24337240#2;24337240#4;25970859#1;4935286#3;4970256#7;498033359#1;782714966#0;782714971#1;876057378#1;876057378#2,runs_J_k16_plain\init_seed1\g004_i017,runs_J_k16_plain\init_seed1\g004_i017\tripinfo.xml
4,18,16,644.456,-28468730#0;-7365262;-782714971#3;-876343449#0;-876343449#1;-880137009#1;111677668#0;111677669#1;24337240#5;311298665;311298682#0;37628709#0;4970256#7;535519490#0;782710712;783907721#2,runs_J_k16_plain\init_seed1\g004_i018,runs_J_k16_plain\init_seed1\g004_i018\tripinfo.xml
4,19,16,1000000000000.0,-111681903#2;-120682114#2;-24337240#6;-28468730#0;-783907721#0;-783907721#2;-876343449#1;111677669#2;111681903#2;26216781#0;28468730#0;311298662#1;311298685;4935286#2;876057378#3;880137009#1,runs_J_k16_plain\init_seed1\g004_i019,runs_J_k16_plain\init_seed1\g004_i019\tripinfo.xml
4,20,16,1000000000000.0,-120682114#2;-24337240#6;-28468730#0;-311298682#0;-498033359#2;-502325084#0;-502325084#3;-880137009#1;311298662#1;4935286#3;498033359#3;58621262#1;782710712;782714966#0;782714971#3;880137010,runs_J_k16_plain\init_seed1\g004_i020,runs_J_k16_plain\init_seed1\g004_i020\tripinfo.xml
4,21,16,691.1633333333333,-111677668#3;-120682114#3;-25970859#0;-498033359#1;-498033359#3;111681903#0;111681905#1;26216781#1;28468730#0;4935286#1;4935286#2;4935299#1;4970256#7;498033359#1;58621262#1;876057378#5,runs_J_k16_plain\init_seed1\g004_i021,runs_J_k16_plain\init_seed1\g004_i021\tripinfo.xml
4,22,7,529.7733333333333,-311298682#0;-876343449#1;-880137009#1;111681903#0;111681905#2;311298665;783907721#2,runs_J_k16_plain\init_seed1\g004_i022,runs_J_k16_plain\init_seed1\g004_i022\tripinfo.xml
4,23,16,364.726,-111681903#2;-25970859#1;-28298231;-28468730#0;-311298658;-498033359#3;-502325084#0;-782714966#0;111681905#1;205590836#2;26216779#0;26216779#1;4935286#2;535519490#0;783907721#1;876343449#1,runs_J_k16_plain\init_seed1\g004_i023,runs_J_k16_plain\init_seed1\g004_i023\tripinfo.xml
5,0,16,356.90133333333335,-111681903#2;-24337240#6;-28298231;-28468730#0;-782714966#0;111677669#2;111677669#3;111677669#5;26216779#0;28468730#0;4935286#2;4935286#3;498033359#1;498033359#3;7924772;876057378#3,runs_J_k16_plain\init_seed1\g005_i000,runs_J_k16_plain\init_seed1\g005_i000\tripinfo.xml
5,1,16,1000000000000.0,-311298665;-498033359#2;-535519490#1;-835443464;-835445203;-876343449#2;24337240#2;37628709#0;4935286#3;4970256#7;502325084#1;5197062#3;535519490#0;782714971#1;876057378#2;876343449#1,runs_J_k16_plain\init_seed1\g005_i001,runs_J_k16_plain\init_seed1\g005_i001\tripinfo.xml
5,2,16,389.686,-24337240#0;-24337240#4;-311298662#0;-835445203;-880137009#0;111677669#3;111681903#0;111681903#1;205590836#2;26216781#1;4935286#2;502325084#0;782714971#0;783907721#0;876057378#1;876057378#4,runs_J_k16_plain\init_seed1\g005_i002,runs_J_k16_plain\init_seed1\g005_i002\tripinfo.xml
5,3,16,638.718,-111681903#2;-782714971#0;-876343449#0;-876343449#1;111681903#0;205590836#2;25970859#1;28468732#1;311298658;4935286#2;4935286#3;498033359#1;502325084#1;535519490#1;782714966#1;783907721#1,runs_J_k16_plain\init_seed1\g005_i003,runs_J_k16_plain\init_seed1\g005_i003\tripinfo.xml
5,4,16,632.2546666666667,-111681903#2;-28298231;-28468730#0;-311298682#0;-498033359#1;-782714966#0;-835443464;120682114#1;24337240#4;26216779#0;26216779#1;37628709#1;4970256#6;535519490#0;62826731;876057378#3,runs_J_k16_plain\init_seed1\g005_i004,runs_J_k16_plain\init_seed1\g005_i004\tripinfo.xml
5,5,16,552.6526666666666,-24337240#4;-24337240#7;-4950193;-783907721#1;-876343449#1;111677669#3;111677669#4;111681903#0;111681903#3;311298662#0;311298662#1;4935286#2;782714971#2;783907721#0;876057378#1;876057378#5,runs_J_k16_plain\init_seed1\g005_i005,runs_J_k16_plain\init_seed1\g005_i005\tripinfo.xml
5,6,16,621.3273333333333,-311298662#0;-498033359#2;-876343449#1;-880137009#1;111677668#3;111681903#3;24337240#2;24337240#4;26216781#2;28468730#1;498033359#3;535519490#0;782714966#0;7924772;835443464;876343449#1,runs_J_k16_plain\init_seed1\g005_i006,runs_J_k16_plain\init_seed1\g005_i006\tripinfo.xml
5,7,4,678.97,-28298231;-498033359#0;-498033359#2;-880140407,runs_J_k16_plain\init_seed1\g005_i007,runs_J_k16_plain\init_seed1\g005_i007\tripinfo.xml
5,8,16,856.91,-111681903#2;-120682114#1;-25970859#0;-311298662#0;-311298685;-498033359#2;-502325084#1;-782714971#1;24337240#2;24337240#3;311298658;311298662#1;4935299#1;498033359#1;535519490#0;58621262#0,runs_J_k16_plain\init_seed1\g005_i008,runs_J_k16_plain\init_seed1\g005_i008\tripinfo.xml
5,9,16,728.93,-111681903#1;-25970859#1;-4950193;-498033359#3;-502325084#0;-5197062#4;111677671#0;111681905#1;205590836#2;24337240#3;26216779#0;26216779#1;311298662#1;783907721#1;876343449#0;876343449#1,runs_J_k16_plain\init_seed1\g005_i009,runs_J_k16_plain\init_seed1\g005_i009\tripinfo.xml
5,10,16,641.1653333333334,-28298231;-28468730#0;-498033359#3;-502325084#0;-880140407;111681905#1;205590836#2;26216779#0;26216779#1;4935286#0;4935286#1;4935286#2;535519490#0;58621262#0;783907721#1;876343449#1,runs_J_k16_plain\init_seed1\g005_i010,runs_J_k16_plain\init_seed1\g005_i010\tripinfo.xml
5,11,16,1000000000000.0,-111677668#3;-25970859#1;-311298685;-502325084#1;-535519490#1;-835443464;-880140407;24337240#3;24337240#4;24337240#7;502325084#0;502325084#1;58621262#0;782714966#1;876057378#4;876343449#2,runs_J_k16_plain\init_seed1\g005_i011,runs_J_k16_plain\init_seed1\g005_i011\tripinfo.xml
5,12,16,600.1433333333333,-24337240#0;-24337240#1;-311298662#1;-5197062#4;-783907721#1;111681903#0;111681905#1;24337240#0;311298658;4935286#1;4935286#3;498033359#1;498033359#2;535519490#0;783907721#2;7924772,runs_J_k16_plain\init_seed1\g005_i012,runs_J_k16_plain\init_seed1\g005_i012\tripinfo.xml
5,13,9,617.2746666666667,-28468730#0;-4950193;111677669#2;111681903#0;120682114#1;24337240#2;782714966#1;876057378#0;876057378#2,runs_J_k16_plain\init_seed1\g005_i013,runs_J_k16_plain\init_seed1\g005_i013\tripinfo.xml
5,14,16,553.74,-25970859#1;-498033359#0;-498033359#3;-502325084#0;-783907721#0;111681903#2;111681903#3;120682114#3;26216779#1;4935286#2;4935286#3;5197062#4;782714966#0;782714971#1;782714971#2;876057376,runs_J_k16_plain\init_seed1\g005_i014,runs_J_k16_plain\init_seed1\g005_i014\tripinfo.xml
5,15,13,590.5073333333333,-111681903#2;-205590836#0;-311298662#0;-311298682#0;-782714966#0;111677669#5;131942152;28468732#0;28468732#1;4970256#6;498033359#1;498033359#3;876057378#3,runs_J_k16_plain\init_seed1\g005_i015,runs_J_k16_plain\init_seed1\g005_i015\tripinfo.xml
5,16,16,433.856,-28468730#0;-498033359#3;-782714966#0;-782714971#4;111677669#1;205590836#2;25970859#1;26216781#2;4935286#2;4970256#5;502325084#3;782714971#0;782714971#1;783907721#0;835443464;876057378#5,runs_J_k16_plain\init_seed1\g005_i016,runs_J_k16_plain\init_seed1\g005_i016\tripinfo.xml
5,17,14,1000000000000.0,-111681903#2;-28468730#0;-498033359#1;-782714971#3;-876343449#0;-876343449#1;111677668#0;24337240#2;24337240#7;28468730#0;498033359#2;535519490#0;782710712;876057378#1,runs_J_k16_plain\init_seed1\g005_i017,runs_J_k16_plain\init_seed1\g005_i017\tripinfo.xml
5,18,6,1000000000000.0,-111677668#3;-111677668#4;-311298665;111681903#0;4935286#1;4970256#8,runs_J_k16_plain\init_seed1\g005_i018,runs_J_k16_plain\init_seed1\g005_i018\tripinfo.xml
5,19,16,639.53,-24337240#4;-24337240#6;-5197062#4;-782714966#0;-782714971#1;-876343449#1;111677669#3;111681903#3;111681905#1;24337240#4;24337240#7;4935286#2;4970256#8;502325084#1;835443464;876057378#5,runs_J_k16_plain\init_seed1\g005_i019,runs_J_k16_plain\init_seed1\g005_i019\tripinfo.xml
5,20,16,886.9606666666666,-111677671#0;-120682114#1;-24337240#6;-28298231;-311298682#0;-498033359#2;-880137009#1;111677669#5;111681905#2;26216779#0;28468730#0;4935286#1;502325084#1;58621262#1;782714971#1;876057376,runs_J_k16_plain\init_seed1\g005_i020,runs_J_k16_plain\init_seed1\g005_i020\tripinfo.xml
5,21,14,572.4393333333334,-111681903#3;-24337240#6;-28298231;-28468730#0;-498033359#0;-502325084#0;111681903#3;120682114#3;311298662#1;4935286#3;4970256#7;498033359#1;876057378#3;876343449#2,runs_J_k16_plain\init_seed1\g005_i021,runs_J_k16_plain\init_seed1\g005_i021\tripinfo.xml
5,22,16,611.194,-120682114#3;-4950193;-7365262;-74277990;-782714971#0;-782714971#3;-880140407;111677669#2;111681905#1;28468730#0;4935286#0;4935286#1;4935286#2;4935286#3;782714966#1;876057378#3,runs_J_k16_plain\init_seed1\g005_i022,runs_J_k16_plain\init_seed1\g005_i022\tripinfo.xml
5,23,16,445.4033333333333,-111681903#2;-311298658;-311298662#1;-782714966#0;111677669#2;311298662#1;4935286#2;4970256#5;4970256#7;498033359#3;62826731;782714966#0;783907721#2;876057378#1;876057378#3;876057378#4,runs_J_k16_plain\init_seed1\g005_i023,runs_J_k16_plain\init_seed1\g005_i023\tripinfo.xml
6,0,16,356.90133333333335,-111681903#2;-24337240#6;-28298231;-28468730#0;-782714966#0;111677669#2;111677669#3;111677669#5;26216779#0;28468730#0;4935286#2;4935286#3;498033359#1;498033359#3;7924772;876057378#3,runs_J_k16_plain\init_seed1\g006_i000,runs_J_k16_plain\init_seed1\g006_i000\tripinfo.xml
6,1,16,626.8926666666666,-120682114#2;-24337240#0;-24337240#2;-311298662#0;-311298682#0;-535519490#0;-782714966#0;111681905#1;205590836#2;24337240#1;311298662#1;4935286#2;58621262#0;782714971#2;783907721#0;876057378#4,runs_J_k16_plain\init_seed1\g006_i001,runs_J_k16_plain\init_seed1\g006_i001\tripinfo.xml
6,2,16,561.9413333333333,-111677668#4;-24337240#0;-535519490#1;-782714971#4;111677669#1;111677669#3;111681903#1;131942152;205590836#2;26216781#2;26216781#3;4970256#7;535519490#1;782714971#1;835443464;880137009#0,runs_J_k16_plain\init_seed1\g006_i002,runs_J_k16_plain\init_seed1\g006_i002\tripinfo.xml
6,3,16,975.6793333333334,-120682114#1;-782714971#3;-876343449#1;-880140407;111677668#3;24337240#4;28468730#0;311298662#1;4935286#0;498033359#0;498033359#3;5197062#4;782714966#1;782714971#1;782714971#3;7924772,runs_J_k16_plain\init_seed1\g006_i003,runs_J_k16_plain\init_seed1\g006_i003\tripinfo.xml
6,4,16,352.83666666666664,-120682114#1;-311298662#0;-311298685;-5197062#3;-782714966#0;-782714966#1;-876343449#1;-880137009#0;111681905#1;4935286#2;4935286#3;535519490#0;782714966#1;783907721#1;880137009#1;880137010,runs_J_k16_plain\init_seed1\g006_i004,runs_J_k16_plain\init_seed1\g006_i004\tripinfo.xml
6,5,16,373.8673333333333,-24337240#0;-24337240#4;-311298658;-311298662#1;-311298685;-498033359#3;111681905#2;120682114#3;311298662#1;4935286#2;4935286#3;782714966#0;782714966#1;783907721#1;876057378#3;876343449#0,runs_J_k16_plain\init_seed1\g006_i005,runs_J_k16_plain\init_seed1\g006_i005\tripinfo.xml
6,6,16,917.04,-535519490#0;-782714971#1;-835445203;111677669#2;111677669#5;131942152;25970859#1;311298658;4935286#0;4970256#5;502325084#0;62826731;783907721#0;783907721#2;876057378#1;876057378#4,runs_J_k16_plain\init_seed1\g006_i006,runs_J_k16_plain\init_seed1\g006_i006\tripinfo.xml
6,7,16,1534.768,-782714971#4;-835445203;111677669#0;111677669#5;120682114#2;131942152;205590836#2;24337240#0;26216779#0;5197062#4;535519490#1;782714971#0;782714971#3;783907721#0;876057378#1;876057378#5,runs_J_k16_plain\init_seed1\g006_i007,runs_J_k16_plain\init_seed1\g006_i007\tripinfo.xml
6,8,16,609.232,-111677668#3;-111677671#0;-120682114#2;-24337240#0;-24337240#4;-28468730#0;111681903#1;205590836#2;311298682#0;4935299#1;4970256#5;502325084#0;502325084#3;783907721#0;835443464;876057378#1,runs_J_k16_plain\init_seed1\g006_i008,runs_J_k16_plain\init_seed1\g006_i008\tripinfo.xml
6,9,16,664.848,-111677668#4;-24337240#1;-24337240#2;-783907721#1;-783907721#2;-876343449#0;111681903#1;25970859#1;26216781#1;26216781#2;4935286#3;502325084#3;5197062#3;782714971#2;783907721#0;876057378#5,runs_J_k16_plain\init_seed1\g006_i009,runs_J_k16_plain\init_seed1\g006_i009\tripinfo.xml
6,10,16,422.93333333333334,-111677668#4;-24337240#2;-24337240#7;-28468730#0;-498033359#3;-876343449#1;111681903#3;24337240#2;25970859#1;26216781#2;311298662#1;4935286#2;782714966#0;782714971#1;783907721#0;876057378#2,runs_J_k16_plain\init_seed1\g006_i010,runs_J_k16_plain\init_seed1\g006_i010\tripinfo.xml
6,11,16,715.6426666666666,-120682114#3;-24337240#0;-24337240#3;-24337240#4;-25970859#0;-311298662#0;-311298662#1;-498033359#3;111681903#0;24337240#1;26216781#2;28468730#1;782710712;782714966#0;782714971#0;783907721#1,runs_J_k16_plain\init_seed1\g006_i011,runs_J_k16_plain\init_seed1\g006_i011\tripinfo.xml
6,12,16,795.364,-111677668#4;-24337240#1;-24337240#4;-5197062#4;-535519490#1;-835443464;-876343449#1;-876343449#2;111677668#0;24337240#0;4935286#3;4970256#7;502325084#0;58621262#0;876057378#4;880137009#1,runs_J_k16_plain\init_seed1\g006_i012,runs_J_k16_plain\init_seed1\g006_i012\tripinfo.xml
6,13,2,644.456,-4950193;-498033359#1,runs_J_k16_plain\init_seed1\g006_i013,runs_J_k16_plain\init_seed1\g006_i013\tripinfo.xml
6,14,16,633.5853333333333,-111677671#0;-111681903#1;-24337240#4;-28468730#0;-782714966#0;111681903#3;111681905#1;111681905#2;205590836#2;24337240#1;25970859#1;4935286#1;4970256#5;782714966#0;835443464;876057378#5,runs_J_k16_plain\init_seed1\g006_i014,runs_J_k16_plain\init_seed1\g006_i014\tripinfo.xml
6,15,16,792.4746666666666,-25970859#0;-28468730#0;-311298658;-502325084#1;-782714971#3;-880137009#0;111677669#0;26216781#3;782714966#1;782714971#0;782714971#3;876057378#0;876057378#1;880137009#0;880137010;880140407,runs_J_k16_plain\init_seed1\g006_i015,runs_J_k16_plain\init_seed1\g006_i015\tripinfo.xml
6,16,8,759.0293333333333,-311298662#1;-782714971#4;111677668#0;205590836#2;26216781#1;4970256#5;4970256#6;502325084#0,runs_J_k16_plain\init_seed1\g006_i016,runs_J_k16_plain\init_seed1\g006_i016\tripinfo.xml
6,17,16,370.92533333333336,-24337240#0;-782714966#0;111677668#4;111677669#2;111681903#3;26216781#1;28468730#1;4935286#2;4970256#8;498033359#3;58621262#1;747448014;782714966#0;783907721#0;876057378#4;880137009#1,runs_J_k16_plain\init_seed1\g006_i017,runs_J_k16_plain\init_seed1\g006_i017\tripinfo.xml
6,18,16,826.2113333333333,-111681903#2;-120682114#1;-24337240#4;-25970859#1;-498033359#0;-783907721#1;111677669#3;120682114#2;4935286#2;4970256#5;4970256#7;502325084#0;782714971#0;7924772;835443464;876057378#1,runs_J_k16_plain\init_seed1\g006_i018,runs_J_k16_plain\init_seed1\g006_i018\tripinfo.xml
6,19,6,650.7613333333334,-782714971#4;-880140407;111677669#2;111681903#0;111681905#2;498033359#3,runs_J_k16_plain\init_seed1\g006_i019,runs_J_k16_plain\init_seed1\g006_i019\tripinfo.xml
6,20,16,382.70733333333334,-111681903#2;-24337240#0;-311298662#0;-835445203;111677669#3;111681903#1;111681905#2;205590836#2;26216781#1;311298685;4935286#2;498033359#3;5197062#4;62826731;876057378#3;876057378#4,runs_J_k16_plain\init_seed1\g006_i020,runs_J_k16_plain\init_seed1\g006_i020\tripinfo.xml
6,21,16,1000000000000.0,-205590836#0;-24337240#6;-311298665;-498033359#1;-502325084#3;-782714966#0;-876343449#0;-880140407;111677669#5;4935286#3;498033359#1;498033359#3;502325084#1;5197062#3;876057378#2;876057378#3,runs_J_k16_plain\init_seed1\g006_i021,runs_J_k16_plain\init_seed1\g006_i021\tripinfo.xml
6,22,16,859.94,-111677668#0;-498033359#0;-535519490#0;111677668#0;111677668#3;26216781#1;28468732#1;4935286#3;502325084#1;535519490#1;782714966#0;782714971#0;782714971#3;783907721#1;7924772;880140407,runs_J_k16_plain\init_seed1\g006_i022,runs_J_k16_plain\init_seed1\g006_i022\tripinfo.xml
6,23,16,629.4966666666667,-111677668#3;-24337240#4;-24337240#6;-498033359#3;-502325084#0;-5197062#3;-880137009#0;111677668#4;131942152;26216781#1;28468730#1;502325084#0;782714971#0;783907721#0;876343449#0;880137010,runs_J_k16_plain\init_seed1\g006_i023,runs_J_k16_plain\init_seed1\g006_i023\tripinfo.xml
7,0,16,352.83666666666664,-120682114#1;-311298662#0;-311298685;-5197062#3;-782714966#0;-782714966#1;-876343449#1;-880137009#0;111681905#1;4935286#2;4935286#3;535519490#0;782714966#1;783907721#1;880137009#1;880137010,runs_J_k16_plain\init_seed1\g007_i000,runs_J_k16_plain\init_seed1\g007_i000\tripinfo.xml
7,1,16,622.6073333333334,-205590836#0;-25970859#0;-311298685;-498033359#1;-782714966#0;-782714971#0;-880140407;111677668#4;111677669#2;37628709#1;4970256#8;498033359#3;535519490#0;58621262#1;7924772;880137009#1,runs_J_k16_plain\init_seed1\g007_i001,runs_J_k16_plain\init_seed1\g007_i001\tripinfo.xml
7,2,16,636.8073333333333,-24337240#3;-24337240#6;-782714966#0;111677668#0;111677669#2;111681903#3;26216779#1;28468730#1;311298682#0;4935286#2;4935286#3;498033359#3;5197062#4;876057378#0;876057378#4;880137009#1,runs_J_k16_plain\init_seed1\g007_i002,runs_J_k16_plain\init_seed1\g007_i002\tripinfo.xml
7,3,6,678.97,-111681903#2;-28298231;111677669#2;26216781#1;28468732#0;876057378#3,runs_J_k16_plain\init_seed1\g007_i003,runs_J_k16_plain\init_seed1\g007_i003\tripinfo.xml
7,4,16,645.0646666666667,-205590836#0;-24337240#4;-24337240#6;-498033359#0;-535519490#0;-876343449#2;111677669#5;25970859#0;4935286#0;4935299#1;498033359#3;58621262#0;782714966#0;782714971#3;7924772;876057378#4,runs_J_k16_plain\init_seed1\g007_i004,runs_J_k16_plain\init_seed1\g007_i004\tripinfo.xml
7,5,16,390.42133333333334,-25970859#0;-311298662#0;-311298685;-4950193;-782714971#4;-783907721#0;111677669#5;111681905#2;205590836#2;4935286#2;498033359#2;782714966#1;782714971#4;783907721#0;876057378#0;876057378#1,runs_J_k16_plain\init_seed1\g007_i005,runs_J_k16_plain\init_seed1\g007_i005\tripinfo.xml
7,6,16,802.6393333333333,-120682114#1;-120682114#2;-205590836#0;-25970859#0;-28468730#0;-782714966#1;-876343449#1;-880137009#0;26216781#0;28468730#0;311298658;311298682#0;4935286#3;502325084#3;782714966#0;782714971#0,runs_J_k16_plain\init_seed1\g007_i006,runs_J_k16_plain\init_seed1\g007_i006\tripinfo.xml
7,7,16,1000000000000.0,-111677668#3;-24337240#0;-24337240#4;-311298662#1;-535519490#1;-876343449#1;111677669#2;111681903#1;111681905#1;120682114#1;26216781#3;4935286#3;58621262#1;876343449#0;880137009#0;880137010,runs_J_k16_plain\init_seed1\g007_i007,runs_J_k16_plain\init_seed1\g007_i007\tripinfo.xml
7,8,16,381.00333333333333,-111681903#3;-120682114#3;-24337240#0;-24337240#2;-311298658;-498033359#1;-7365262;111677669#1;111681905#2;205590836#2;24337240#3;4935286#2;4970256#7;5197062#3;782714971#1;782714971#2,runs_J_k16_plain\init_seed1\g007_i008,runs_J_k16_plain\init_seed1\g007_i008\tripinfo.xml
7,9,2,644.456,311298685;876057378#2,runs_J_k16_plain\init_seed1\g007_i009,runs_J_k16_plain\init_seed1\g007_i009\tripinfo.xml
7,10,4,672.1973333333333,-4950193;111677671#0;498033359#3;782714971#1,runs_J_k16_plain\init_seed1\g007_i010,runs_J_k16_plain\init_seed1\g007_i010\tripinfo.xml
7,11,16,1596.7993333333334,-111677671#0;-111681903#3;-24337240#2;-24337240#6;-782714966#1;-880137009#0;111677669#3;111681903#3;24337240#5;4935286#1;782710712;782714966#1;782714971#1;783907721#1;876057378#2;880137009#0,runs_J_k16_plain\init_seed1\g007_i011,runs_J_k16_plain\init_seed1\g007_i011\tripinfo.xml
7,12,16,422.106,-24337240#7;-311298662#0;-311298662#1;-311298685;-4950193;-876343449#1;-880137009#1;111681905#2;24337240#0;24337240#2;25970859#1;311298662#0;311298685;4935286#2;783907721#0;876057378#0,runs_J_k16_plain\init_seed1\g007_i012,runs_J_k16_plain\init_seed1\g007_i012\tripinfo.xml
7,13,16,586.2006666666666,-111681903#0;-24337240#0;-28298231;-28468730#0;-498033359#3;-782714966#0;111677669#1;111677669#3;24337240#1;28468730#1;4935286#0;502325084#0;782714971#4;7924772;835443464;876057378#0,runs_J_k16_plain\init_seed1\g007_i013,runs_J_k16_plain\init_seed1\g007_i013\tripinfo.xml
7,14,16,569.556,-111681903#2;-24337240#4;-24337240#6;-502325084#3;-782714966#0;131942152;205590836#2;24337240#7;311298662#0;4935286#1;498033359#1;498033359#3;782714966#0;782714971#4;876057378#3;876057378#5,runs_J_k16_plain\init_seed1\g007_i014,runs_J_k16_plain\init_seed1\g007_i014\tripinfo.xml
7,15,16,632.9486666666667,-111677671#0;-120682114#2;-311298662#1;-311298682#0;-498033359#2;-5197062#4;-782714966#1;-880137009#0;-880137009#1;111681903#0;111681903#1;205590836#2;26216779#1;4970256#5;4970256#6;876057378#1,runs_J_k16_plain\init_seed1\g007_i015,runs_J_k16_plain\init_seed1\g007_i015\tripinfo.xml
7,16,16,664.9053333333334,-111677668#3;-24337240#0;-24337240#7;-782714971#4;111677671#0;111681905#2;205590836#2;24337240#1;25970859#0;26216779#1;26216781#1;311298662#1;502325084#3;782714971#3;835443464;835445203,runs_J_k16_plain\init_seed1\g007_i016,runs_J_k16_plain\init_seed1\g007_i016\tripinfo.xml
7,17,16,536.716,-311298662#0;-535519490#1;111677669#1;111681903#3;205590836#2;25970859#0;26216781#1;28468730#0;28468730#1;311298662#1;37628709#1;4935286#2;498033359#3;535519490#0;876057378#3;876343449#0,runs_J_k16_plain\init_seed1\g007_i017,runs_J_k16_plain\init_seed1\g007_i017\tripinfo.xml
7,18,16,451.368,-24337240#0;-24337240#6;-5197062#4;-782714966#0;-782714971#1;111677668#0;111677669#3;111677669#5;24337240#5;4935286#2;4970256#8;58621262#1;747448014;7924772;876057378#3;876343449#1,runs_J_k16_plain\init_seed1\g007_i018,runs_J_k16_plain\init_seed1\g007_i018\tripinfo.xml
7,19,16,431.25533333333334,-111681903#2;-120682114#3;-311298662#0;-311298662#1;-5197062#3;-782714971#1;111677669#3;111681903#1;24337240#1;24337240#4;311298662#0;4935286#2;498033359#3;502325084#3;876057378#3;876057378#5,runs_J_k16_plain\init_seed1\g007_i019,runs_J_k16_plain\init_seed1\g007_i019\tripinfo.xml
7,20,16,494.82533333333333,-111677671#0;-24337240#0;-535519490#1;-782714966#0;-835445203;-876343449#1;111677669#3;111681905#2;131942152;24337240#2;28468730#0;311298682#0;311298685;4935286#3;498033359#1;876057378#4,runs_J_k16_plain\init_seed1\g007_i020,runs_J_k16_plain\init_seed1\g007_i020\tripinfo.xml
7,21,5,624.8906666666667,-111677671#0;-535519490#0;-782714966#1;-880140407;111677669#2,runs_J_k16_plain\init_seed1\g007_i021,runs_J_k16_plain\init_seed1\g007_i021\tripinfo.xml
7,22,16,754.5653333333333,-24337240#0;-311298662#1;-502325084#0;-782714966#0;111677668#0;111677668#4;24337240#3;26216781#1;28468730#1;4970256#8;58621262#0;58621262#1;782714966#0;876057378#2;876343449#1;880140407,runs_J_k16_plain\init_seed1\g007_i022,runs_J_k16_plain\init_seed1\g007_i022\tripinfo.xml
7,23,16,2483.19,-111681903#2;-120682114#1;-24337240#7;-311298658;-782714966#0;-782714966#1;-783907721#2;-876343449#2;111681905#1;28468730#1;28468732#1;4935286#3;4970256#7;783907721#1;835443464;880137009#1,runs_J_k16_plain\init_seed1\g007_i023,runs_J_k16_plain\init_seed1\g007_i023\tripinfo.xml
8,0,16,352.83666666666664,-120682114#1;-311298662#0;-311298685;-5197062#3;-782714966#0;-782714966#1;-876343449#1;-880137009#0;111681905#1;4935286#2;4935286#3;535519490#0;782714966#1;783907721#1;880137009#1;880137010,runs_J_k16_plain\init_seed1\g008_i000,runs_J_k16_plain\init_seed1\g008_i000\tripinfo.xml
8,1,16,486.5253333333333,-111677671#0;-5197062#3;-535519490#1;-782714971#3;-783907721#1;-835445203;111677669#3;24337240#2;26216779#1;26216781#3;28468730#0;4935286#0;4935286#2;4970256#8;535519490#0;782714971#2,runs_J_k16_plain\init_seed1\g008_i001,runs_J_k16_plain\init_seed1\g008_i001\tripinfo.xml
8,2,16,1000000000000.0,-205590836#0;-311298665;-535519490#1;-782714966#0;-835443464;-876343449#0;131942152;205590836#2;28468732#1;311298662#1;311298685;62826731;876057378#2;876057378#3;876343449#0;880137010,runs_J_k16_plain\init_seed1\g008_i002,runs_J_k16_plain\init_seed1\g008_i002\tripinfo.xml
8,3,16,669.704,-120682114#1;-120682114#3;-28298231;-311298662#1;-5197062#3;-782714966#1;-782714971#2;-876343449#1;-880137009#0;24337240#1;4970256#5;535519490#0;783907721#1;835445203;876057378#1;876057378#3,runs_J_k16_plain\init_seed1\g008_i003,runs_J_k16_plain\init_seed1\g008_i003\tripinfo.xml
8,4,16,427.74133333333333,-24337240#3;-311298685;-5197062#3;-782714966#0;-782714971#1;-783907721#0;111677669#3;111681903#2;25970859#0;4935286#2;4970256#6;498033359#2;782710712;782714966#1;876057378#3;876057378#5,runs_J_k16_plain\init_seed1\g008_i004,runs_J_k16_plain\init_seed1\g008_i004\tripinfo.xml
8,5,16,648.228,-111681903#2;-835443464;111677669#3;111677669#5;111681903#1;120682114#3;24337240#7;26216779#0;26216781#0;26216781#3;498033359#3;535519490#0;7924772;876057378#3;876343449#1;880137009#1,runs_J_k16_plain\init_seed1\g008_i005,runs_J_k16_plain\init_seed1\g008_i005\tripinfo.xml
8,6,16,679.732,-24337240#4;-311298658;-502325084#3;-782714971#1;-835443464;205590836#2;26216781#3;4970256#5;4970256#8;535519490#1;58621262#1;782714966#0;782714971#4;783907721#0;876057378#3;876057378#5,runs_J_k16_plain\init_seed1\g008_i006,runs_J_k16_plain\init_seed1\g008_i006\tripinfo.xml
8,7,15,602.0886666666667,-311298662#0;-311298682#0;-783907721#0;-876343449#0;111677668#0;111677669#5;26216781#2;28468732#1;311298658;4935286#2;4970256#8;502325084#3;7924772;876057378#3;876343449#0,runs_J_k16_plain\init_seed1\g008_i007,runs_J_k16_plain\init_seed1\g008_i007\tripinfo.xml
8,8,16,645.3833333333333,-311298662#0;-782714971#4;-876343449#1;-880137009#1;120682114#1;25970859#1;26216779#1;26216781#1;28468730#0;311298662#0;37628709#1;4935299#1;4970256#8;498033359#3;62826731;876343449#0,runs_J_k16_plain\init_seed1\g008_i008,runs_J_k16_plain\init_seed1\g008_i008\tripinfo.xml
8,9,16,639.354,-120682114#3;-24337240#2;-311298658;-5197062#3;-783907721#2;-835443464;111677669#1;26216781#0;311298658;4935286#1;4935286#2;4970256#7;4970256#8;498033359#3;782714966#1;7924772,runs_J_k16_plain\init_seed1\g008_i009,runs_J_k16_plain\init_seed1\g008_i009\tripinfo.xml
8,10,16,617.9246666666667,-111681903#0;-24337240#6;-5197062#4;-782714971#1;-876343449#0;111677668#3;111677669#5;205590836#2;4935286#1;4935286#2;4935299#1;535519490#0;747448014;782714971#1;876057378#3;876343449#1,runs_J_k16_plain\init_seed1\g008_i010,runs_J_k16_plain\init_seed1\g008_i010\tripinfo.xml
8,11,3,644.456,-880140407;111677669#3;876343449#2,runs_J_k16_plain\init_seed1\g008_i011,runs_J_k16_plain\init_seed1\g008_i011\tripinfo.xml
8,12,16,644.456,-28468730#0;-311298685;-498033359#1;-782714971#0;-782714971#1;-782714971#3;-783907721#0;-880137009#0;-880137009#1;111677668#4;120682114#2;24337240#4;25970859#1;311298682#0;502325084#3;58621262#1,runs_J_k16_plain\init_seed1\g008_i012,runs_J_k16_plain\init_seed1\g008_i012\tripinfo.xml
8,13,16,579.5446666666667,-311298685;-782714966#0;-782714966#1;-782714971#1;111681903#3;24337240#5;24337240#7;311298662#0;4970256#6;4970256#8;498033359#2;5197062#4;535519490#0;782714966#1;876057378#3;876343449#1,runs_J_k16_plain\init_seed1\g008_i013,runs_J_k16_plain\init_seed1\g008_i013\tripinfo.xml
8,14,16,615.8846666666667,-111677668#3;-24337240#0;-24337240#6;-311298662#0;-311298685;-502325084#3;-5197062#4;-782714966#0;-783907721#0;111677669#3;111677669#5;24337240#0;26216779#0;4970256#7;58621262#1;876057378#4,runs_J_k16_plain\init_seed1\g008_i014,runs_J_k16_plain\init_seed1\g008_i014\tripinfo.xml
8,15,16,709.642,-111681903#2;-120682114#3;-25970859#1;-311298662#1;-502325084#0;-5197062#3;-782714966#0;-782714966#1;24337240#1;24337240#4;26216779#0;498033359#0;535519490#0;782714971#4;835443464;880137009#0,runs_J_k16_plain\init_seed1\g008_i015,runs_J_k16_plain\init_seed1\g008_i015\tripinfo.xml
8,16,16,395.03133333333335,-24337240#7;-28298231;-311298662#0;111677669#1;111677669#3;111677669#4;111681903#1;24337240#2;24337240#7;28468730#1;311298662#0;311298682#0;4935286#2;4935286#3;502325084#0;876057378#0,runs_J_k16_plain\init_seed1\g008_i016,runs_J_k16_plain\init_seed1\g008_i016\tripinfo.xml
8,17,16,450.58133333333336,-111677671#0;-311298685;-498033359#2;-5197062#3;-782714966#0;111681905#1;205590836#2;4935286#1;4935286#3;782714971#4;783907721#1;7924772;876057378#4;876343449#0;880137009#1;880137010,runs_J_k16_plain\init_seed1\g008_i017,runs_J_k16_plain\init_seed1\g008_i017\tripinfo.xml
8,18,16,1258.488,-111677671#0;-111681903#3;-24337240#2;-311298658;-535519490#1;-7365262;-876343449#1;205590836#2;24337240#3;25970859#0;5197062#4;782714966#0;782714971#1;835445203;876057378#0;876343449#1,runs_J_k16_plain\init_seed1\g008_i018,runs_J_k16_plain\init_seed1\g008_i018\tripinfo.xml
8,19,16,418.61466666666666,-111681903#0;-111681903#2;-205590836#0;-4950193;-5197062#4;-535519490#1;-782714966#0;-782714971#4;111677669#5;111681903#1;205590836#2;26216781#3;28468732#1;498033359#3;876057378#0;876057378#1,runs_J_k16_plain\init_seed1\g008_i019,runs_J_k16_plain\init_seed1\g008_i019\tripinfo.xml
8,20,16,1545.294,-111681903#2;-120682114#2;-24337240#4;-24337240#6;-25970859#0;-311298685;111677668#0;28468732#0;4935286#2;58621262#0;782710712;782714966#1;782714971#0;782714971#4;783907721#2;876057378#3,runs_J_k16_plain\init_seed1\g008_i020,runs_J_k16_plain\init_seed1\g008_i020\tripinfo.xml
8,21,16,405.13466666666665,-24337240#7;-311298662#0;-311298685;-782714966#1;-783907721#0;111677669#3;111681903#2;24337240#2;25970859#1;4935286#2;4970256#6;782714966#0;783907721#0;783907721#1;876057378#0;876343449#2,runs_J_k16_plain\init_seed1\g008_i021,runs_J_k16_plain\init_seed1\g008_i021\tripinfo.xml
8,22,16,757.6366666666667,-498033359#1;-782714966#0;-782714971#1;-876343449#1;111677669#5;111681905#2;26216781#2;26216781#3;311298662#0;4935286#2;4935286#3;4970256#6;502325084#0;535519490#0;876343449#2;880140407,runs_J_k16_plain\init_seed1\g008_i022,runs_J_k16_plain\init_seed1\g008_i022\tripinfo.xml
8,23,16,722.144,-24337240#0;-24337240#3;-25970859#0;-4950193;111677669#0;111681903#3;26216781#1;28468730#1;28468732#0;4970256#7;782714971#1;782714971#4;7924772;876057378#1;876057378#2;876343449#0,runs_J_k16_plain\init_seed1\g008_i023,runs_J_k16_plain\init_seed1\g008_i023\tripinfo.xml
9,0,16,352.83666666666664,-120682114#1;-311298662#0;-311298685;-5197062#3;-782714966#0;-782714966#1;-876343449#1;-880137009#0;111681905#1;4935286#2;4935286#3;535519490#0;782714966#1;783907721#1;880137009#1;880137010,runs_J_k16_plain\init_seed1\g009_i000,runs_J_k16_plain\init_seed1\g009_i000\tripinfo.xml
9,1,16,645.876,-111677668#3;-24337240#2;-24337240#3;-24337240#6;-311298662#0;-311298662#1;-782714971#1;111677668#3;111677671#0;111681903#1;111681905#1;205590836#2;24337240#7;311298682#0;4935286#3;4970256#7,runs_J_k16_plain\init_seed1\g009_i001,runs_J_k16_plain\init_seed1\g009_i001\tripinfo.xml
9,2,12,1422.1973333333333,-311298685;-498033359#0;-502325084#3;-782714966#0;111677669#3;111677669#5;111677671#0;26216781#2;37628709#0;4935286#0;535519490#0;880137010,runs_J_k16_plain\init_seed1\g009_i002,runs_J_k16_plain\init_seed1\g009_i002\tripinfo.xml
9,3,16,554.4893333333333,-111681903#1;-24337240#2;-24337240#3;-25970859#1;-311298662#0;-535519490#0;-782714971#1;111681903#1;111681903#2;120682114#1;4935286#2;4970256#6;502325084#1;876057378#0;876057378#2;880140407,runs_J_k16_plain\init_seed1\g009_i003,runs_J_k16_plain\init_seed1\g009_i003\tripinfo.xml
9,4,16,431.436,-111681903#1;-311298685;-502325084#1;-5197062#3;-835445203;111677669#3;111681903#2;311298682#0;4935286#0;4935286#2;4970256#6;782714966#1;782714971#4;783907721#1;876057378#5;876343449#2,runs_J_k16_plain\init_seed1\g009_i004,runs_J_k16_plain\init_seed1\g009_i004\tripinfo.xml
9,5,16,375.5933333333333,-24337240#4;-24337240#6;-311298685;-4950193;-498033359#3;-502325084#3;-782714971#4;-876343449#2;24337240#0;24337240#1;311298658;4935286#2;4935286#3;5197062#3;783907721#1;876057376,runs_J_k16_plain\init_seed1\g009_i005,runs_J_k16_plain\init_seed1\g009_i005\tripinfo.xml
9,6,16,1857.9653333333333,-311298662#0;-311298685;-498033359#0;-5197062#4;-782714966#1;-876343449#1;-880140407;111677669#5;120682114#2;131942152;24337240#4;311298665;4935299#1;5197062#3;535519490#0;876057378#4,runs_J_k16_plain\init_seed1\g009_i006,runs_J_k16_plain\init_seed1\g009_i006\tripinfo.xml
9,7,16,652.412,-111681903#0;-120682114#1;-24337240#6;-4950193;-502325084#1;-5197062#4;-783907721#0;120682114#3;26216781#1;28468732#1;4935286#1;4935286#2;4935286#3;498033359#3;502325084#3;876057378#4,runs_J_k16_plain\init_seed1\g009_i007,runs_J_k16_plain\init_seed1\g009_i007\tripinfo.xml
9,8,16,1000000000000.0,-111681903#2;-311298662#0;-5197062#3;-5197062#4;-782714971#4;-876343449#1;-880137009#0;111677668#0;111677668#3;205590836#2;24337240#2;4935299#1;782714966#1;782714971#0;876057378#1;880137009#0,runs_J_k16_plain\init_seed1\g009_i008,runs_J_k16_plain\init_seed1\g009_i008\tripinfo.xml
9,9,16,614.3446666666666,-111681903#1;-120682114#1;-311298662#0;-311298665;111677669#2;120682114#2;28468732#1;311298662#0;311298682#0;37628709#1;502325084#0;535519490#0;782714966#1;783907721#1;876057376;876057378#0,runs_J_k16_plain\init_seed1\g009_i009,runs_J_k16_plain\init_seed1\g009_i009\tripinfo.xml
9,10,16,633.8713333333334,-111677668#0;-120682114#2;-311298685;-5197062#4;-782714966#0;-782714966#1;-783907721#0;-880137009#0;111681905#1;24337240#7;26216781#3;311298662#0;4935286#3;4970256#6;782714971#3;876057378#4,runs_J_k16_plain\init_seed1\g009_i010,runs_J_k16_plain\init_seed1\g009_i010\tripinfo.xml
9,11,16,1260.5893333333333,-111677671#0;-24337240#2;-782714966#1;-880140407;111677669#3;120682114#2;24337240#2;311298685;4935286#2;4970256#6;535519490#0;782714966#0;782714971#2;7924772;876343449#2;880137009#0,runs_J_k16_plain\init_seed1\g009_i011,runs_J_k16_plain\init_seed1\g009_i011\tripinfo.xml
9,12,16,1000000000000.0,-311298662#0;-782714971#3;-876343449#0;111677668#4;111681903#2;24337240#2;26216779#1;26216781#1;28468730#0;37628709#1;4935286#0;4935286#3;498033359#2;783907721#0;835443464;835445203,runs_J_k16_plain\init_seed1\g009_i012,runs_J_k16_plain\init_seed1\g009_i012\tripinfo.xml
9,13,16,621.71,-311298662#1;-502325084#3;-5197062#3;-7365262;-782714966#1;-782714971#1;-782714971#4;-876343449#0;-876343449#2;24337240#0;783907721#1;876057378#3;876057378#4;876057378#5;876343449#1;880137010,runs_J_k16_plain\init_seed1\g009_i013,runs_J_k16_plain\init_seed1\g009_i013\tripinfo.xml
9,14,16,701.048,-111681903#0;-782714971#1;-782714971#4;-876343449#2;111677669#3;111681903#2;25970859#1;28468730#0;4935286#1;4935286#2;4970256#6;535519490#0;782714966#1;782714971#4;876057378#1;876057378#3,runs_J_k16_plain\init_seed1\g009_i014,runs_J_k16_plain\init_seed1\g009_i014\tripinfo.xml
9,15,8,636.142,-120682114#2;-4950193;-835445203;-876343449#1;111681903#0;26216781#3;28468732#0;502325084#0,runs_J_k16_plain\init_seed1\g009_i015,runs_J_k16_plain\init_seed1\g009_i015\tripinfo.xml
9,16,16,512.3973333333333,-311298685;-5197062#3;-782714966#1;-876343449#0;111677669#4;111681903#1;24337240#2;311298662#0;4935286#0;4935286#2;4935286#3;502325084#1;58621262#1;62826731;7924772;876057378#0,runs_J_k16_plain\init_seed1\g009_i016,runs_J_k16_plain\init_seed1\g009_i016\tripinfo.xml
9,17,16,421.63733333333334,-25970859#1;-311298662#0;-311298685;-782714966#0;-782714966#1;111681903#1;120682114#1;24337240#4;26216781#0;4935286#2;4970256#6;4970256#7;498033359#2;5197062#4;782710712;782714971#1,runs_J_k16_plain\init_seed1\g009_i017,runs_J_k16_plain\init_seed1\g009_i017\tripinfo.xml
9,18,16,1819.6393333333333,-311298682#0;-311298685;-5197062#3;-783907721#0;-783907721#1;-880137009#1;111681903#2;111681905#1;120682114#2;4970256#7;498033359#2;5197062#3;782714966#1;876057378#5;880137009#0;880137009#1,runs_J_k16_plain\init_seed1\g009_i018,runs_J_k16_plain\init_seed1\g009_i018\tripinfo.xml
9,19,14,459.708,-24337240#1;-28298231;-311298662#0;-535519490#0;-876343449#1;111677668#0;111681903#1;311298662#0;4935286#2;4935286#3;4970256#6;498033359#3;783907721#0;876057378#0,runs_J_k16_plain\init_seed1\g009_i019,runs_J_k16_plain\init_seed1\g009_i019\tripinfo.xml
9,20,16,473.486,-120682114#1;-24337240#4;-311298685;-74277990;-782714966#0;111677668#3;111677669#4;111681905#1;26216779#1;26216781#2;28468730#1;4935286#2;4935286#3;498033359#3;502325084#0;58621262#1,runs_J_k16_plain\init_seed1\g009_i020,runs_J_k16_plain\init_seed1\g009_i020\tripinfo.xml
9,21,15,827.5553333333334,-25970859#1;-28468730#0;-311298685;-782714966#0;-783907721#1;111677669#3;111681903#1;111681903#3;111681905#2;28468732#1;311298662#0;498033359#2;782710712;782714966#1;876057378#3,runs_J_k16_plain\init_seed1\g009_i021,runs_J_k16_plain\init_seed1\g009_i021\tripinfo.xml
9,22,16,649.8873333333333,-120682114#3;-24337240#7;-311298685;-74277990;-782714966#0;-782714971#1;-783907721#0;111677668#3;24337240#1;498033359#2;5197062#4;58621262#1;876057378#3;876057378#5;876343449#1;880137009#1,runs_J_k16_plain\init_seed1\g009_i022,runs_J_k16_plain\init_seed1\g009_i022\tripinfo.xml
9,23,16,589.3373333333333,-311298685;-5197062#3;-835445203;-876343449#0;-876343449#2;-880137009#0;-880140407;111681903#1;111681903#3;111681905#1;24337240#3;498033359#2;5197062#3;535519490#0;880137009#1;880137010,runs_J_k16_plain\init_seed1\g009_i023,runs_J_k16_plain\init_seed1\g009_i023\tripinfo.xml
10,0,16,352.83666666666664,-120682114#1;-311298662#0;-311298685;-5197062#3;-782714966#0;-782714966#1;-876343449#1;-880137009#0;111681905#1;4935286#2;4935286#3;535519490#0;782714966#1;783907721#1;880137009#1;880137010,runs_J_k16_plain\init_seed1\g010_i000,runs_J_k16_plain\init_seed1\g010_i000\tripinfo.xml
10,1,12,654.3213333333333,-120682114#3;-311298665;-782714966#0;-783907721#2;111677669#2;28468732#1;4970256#8;782710712;782714971#2;783907721#1;876057376;876057378#0,runs_J_k16_plain\init_seed1\g010_i001,runs_J_k16_plain\init_seed1\g010_i001\tripinfo.xml
10,2,16,464.3806666666667,-111681903#3;-120682114#1;-311298662#0;-311298685;-782714966#1;-880137009#0;111681903#3;311298662#0;311298665;37628709#1;4970256#6;535519490#0;782714971#0;783907721#1;876057378#0;880137009#0,runs_J_k16_plain\init_seed1\g010_i002,runs_J_k16_plain\init_seed1\g010_i002\tripinfo.xml
10,3,16,705.456,-311298665;-311298685;-5197062#3;-880140407;111677669#4;111681903#1;111681903#2;24337240#1;28468732#1;4970256#6;502325084#1;58621262#1;747448014;782714971#0;783907721#2;880137009#1,runs_J_k16_plain\init_seed1\g010_i003,runs_J_k16_plain\init_seed1\g010_i003\tripinfo.xml
10,4,16,395.30066666666664,-111681903#1;-311298658;-311298662#0;-535519490#0;-876343449#0;111681905#2;120682114#1;24337240#2;26216779#0;26216781#1;311298658;37628709#1;4935286#2;876057378#0;876057378#2;876057378#4,runs_J_k16_plain\init_seed1\g010_i004,runs_J_k16_plain\init_seed1\g010_i004\tripinfo.xml
10,5,16,679.4006666666667,-311298662#0;-4950193;111677669#4;111681903#0;111681905#2;24337240#1;25970859#0;26216779#1;311298658;4935286#2;4935286#3;535519490#0;58621262#0;782714966#1;782714971#3;880137009#1,runs_J_k16_plain\init_seed1\g010_i005,runs_J_k16_plain\init_seed1\g010_i005\tripinfo.xml
10,6,16,644.456,-120682114#1;-498033359#3;-502325084#3;-5197062#3;-835445203;111677668#3;111681905#1;25970859#1;311298658;4935286#2;502325084#3;5197062#3;58621262#0;835445203;880137009#1;880137010,runs_J_k16_plain\init_seed1\g010_i006,runs_J_k16_plain\init_seed1\g010_i006\tripinfo.xml
10,7,16,558.7913333333333,-111681903#0;-205590836#0;-311298662#0;-311298685;-782714966#1;-880140407;111677668#4;111681905#1;120682114#3;24337240#2;4935286#3;782714971#4;783907721#0;7924772;880137009#1;880137010,runs_J_k16_plain\init_seed1\g010_i007,runs_J_k16_plain\init_seed1\g010_i007\tripinfo.xml
10,8,16,600.3786666666666,-120682114#2;-498033359#1;-502325084#3;-7365262;-782714966#1;-782714971#1;-782714971#4;-876343449#0;-876343449#2;111677669#5;24337240#0;4970256#5;876057378#3;876057378#4;876057378#5;880137010,runs_J_k16_plain\init_seed1\g010_i008,runs_J_k16_plain\init_seed1\g010_i008\tripinfo.xml
10,9,16,1000000000000.0,-111681903#2;-120682114#2;-205590836#0;-311298665;-5197062#3;-535519490#1;-782714971#0;111677669#3;111677669#5;111681903#2;24337240#1;26216779#0;28468732#1;311298662#0;498033359#3;876057376,runs_J_k16_plain\init_seed1\g010_i009,runs_J_k16_plain\init_seed1\g010_i009\tripinfo.xml
10,10,16,657.9286666666667,-111681903#1;-24337240#7;-311298685;-74277990;-782714971#0;111681903#3;120682114#1;24337240#1;311298682#0;4970256#6;535519490#0;782714966#1;782714971#4;7924772;876057378#0;876057378#5,runs_J_k16_plain\init_seed1\g010_i010,runs_J_k16_plain\init_seed1\g010_i010\tripinfo.xml
10,11,16,711.34,-24337240#2;-24337240#7;-311298682#0;-311298685;-502325084#0;-782714966#1;-782714971#4;-783907721#2;-876343449#2;111677669#4;24337240#2;311298658;783907721#1;835445203;876057376;876057378#5,runs_J_k16_plain\init_seed1\g010_i011,runs_J_k16_plain\init_seed1\g010_i011\tripinfo.xml
10,12,16,855.656,-24337240#4;-5197062#3;-782714966#1;-783907721#1;-876343449#2;111677669#0;24337240#7;26216779#0;26216779#1;311298658;311298665;4935299#1;535519490#1;7924772;876057378#3;876343449#1,runs_J_k16_plain\init_seed1\g010_i012,runs_J_k16_plain\init_seed1\g010_i012\tripinfo.xml
10,13,16,861.9073333333333,-311298685;-498033359#2;-502325084#0;-5197062#3;-782714966#0;-782714971#0;-782714971#4;-876343449#2;-880137009#0;111677669#4;311298658;311298682#0;4970256#5;498033359#3;782714966#1;880137010,runs_J_k16_plain\init_seed1\g010_i013,runs_J_k16_plain\init_seed1\g010_i013\tripinfo.xml
10,14,16,526.2626666666666,-24337240#6;-311298662#0;-311298685;-498033359#3;-502325084#3;-782714971#0;-782714971#2;-876343449#1;111677669#1;26216781#3;4935286#2;4935286#3;4935299#1;535519490#0;782714971#2;876343449#2,runs_J_k16_plain\init_seed1\g010_i014,runs_J_k16_plain\init_seed1\g010_i014\tripinfo.xml
10,15,13,985.4986666666666,-111677668#0;-111681903#0;-4950193;-535519490#0;-74277990;205590836#2;24337240#7;311298658;311298685;4935286#2;502325084#0;62826731;880137009#0,runs_J_k16_plain\init_seed1\g010_i015,runs_J_k16_plain\init_seed1\g010_i015\tripinfo.xml
10,16,8,1000000000000.0,-111677668#4;-498033359#0;-74277990;-876343449#2;26216781#1;4935286#3;58621262#1;783907721#2,runs_J_k16_plain\init_seed1\g010_i016,runs_J_k16_plain\init_seed1\g010_i016\tripinfo.xml
10,17,16,708.246,-120682114#2;-120682114#3;-25970859#1;-311298662#0;-502325084#0;-5197062#3;-5197062#4;-876343449#1;-880137009#1;111681903#1;205590836#2;4970256#7;502325084#0;5197062#4;782714971#1;880137009#0,runs_J_k16_plain\init_seed1\g010_i017,runs_J_k16_plain\init_seed1\g010_i017\tripinfo.xml
10,18,16,705.46,-24337240#2;-24337240#6;-7365262;-782714971#4;111681903#0;111681903#1;120682114#3;24337240#4;26216781#0;28468732#0;498033359#2;62826731;782710712;783907721#0;783907721#2;876057378#5,runs_J_k16_plain\init_seed1\g010_i018,runs_J_k16_plain\init_seed1\g010_i018\tripinfo.xml
10,19,11,418.098,-111681903#2;-880140407;111677669#4;111681903#3;24337240#1;4935286#2;4935286#3;502325084#1;5197062#4;62826731;876057378#3,runs_J_k16_plain\init_seed1\g010_i019,runs_J_k16_plain\init_seed1\g010_i019\tripinfo.xml
10,20,16,739.3413333333333,-205590836#0;-24337240#2;-311298658;-876343449#2;111681903#1;26216781#3;4935286#0;4935286#1;4970256#6;498033359#3;5197062#3;58621262#0;58621262#1;782714971#1;7924772;876057376,runs_J_k16_plain\init_seed1\g010_i020,runs_J_k16_plain\init_seed1\g010_i020\tripinfo.xml
10,21,16,628.228,-111677671#0;-311298662#0;-311298682#0;-311298685;-498033359#2;-782714966#0;-782714971#0;111681903#1;28468732#0;311298662#0;37628709#1;4970256#6;4970256#8;5197062#4;747448014;876343449#0,runs_J_k16_plain\init_seed1\g010_i021,runs_J_k16_plain\init_seed1\g010_i021\tripinfo.xml
10,22,16,796.724,-24337240#0;-28298231;-311298662#0;-783907721#0;111677668#0;111681903#0;111681903#1;205590836#2;26216781#3;4970256#5;4970256#6;502325084#1;62826731;782714971#0;782714971#1;876057378#0,runs_J_k16_plain\init_seed1\g010_i022,runs_J_k16_plain\init_seed1\g010_i022\tripinfo.xml
10,23,16,422.1433333333333,-111681903#1;-24337240#4;-498033359#3;-502325084#3;-782714971#4;111677669#3;24337240#0;311298682#0;4935286#2;4970256#6;782714971#1;782714971#3;783907721#0;783907721#1;876343449#1;880137009#0,runs_J_k16_plain\init_seed1\g010_i023,runs_J_k16_plain\init_seed1\g010_i023\tripinfo.xml
11,0,16,352.83666666666664,-120682114#1;-311298662#0;-311298685;-5197062#3;-782714966#0;-782714966#1;-876343449#1;-880137009#0;111681905#1;4935286#2;4935286#3;535519490#0;782714966#1;783907721#1;880137009#1;880137010,runs_J_k16_plain\init_seed1\g011_i000,runs_J_k16_plain\init_seed1\g011_i000\tripinfo.xml
11,1,16,474.51733333333334,-111681903#3;-24337240#7;-311298662#0;-311298685;-498033359#1;-5197062#4;311298662#0;311298665;37628709#0;4970256#6;502325084#1;535519490#0;782714971#0;783907721#0;876343449#1;880137009#1,runs_J_k16_plain\init_seed1\g011_i001,runs_J_k16_plain\init_seed1\g011_i001\tripinfo.xml
11,2,16,409.7153333333333,-120682114#1;-24337240#7;-311298658;-782714966#1;-880137009#0;111677669#3;111681903#3;311298662#0;311298685;4935286#2;4935286#3;4970256#5;4970256#6;62826731;876057378#0;876343449#1,runs_J_k16_plain\init_seed1\g011_i002,runs_J_k16_plain\init_seed1\g011_i002\tripinfo.xml
11,3,16,379.986,-120682114#2;-311298662#0;-535519490#0;-782714966#1;-876343449#0;111677669#1;111677669#5;26216779#0;26216781#1;4935286#2;4970256#5;5197062#4;7924772;835445203;876343449#0;880140407,runs_J_k16_plain\init_seed1\g011_i003,runs_J_k16_plain\init_seed1\g011_i003\tripinfo.xml
11,4,16,1000000000000.0,-120682114#2;-24337240#4;-311298658;-311298685;-498033359#1;111681905#2;25970859#1;26216781#1;37628709#1;4935299#1;4970256#8;782714971#0;876057378#0;876057378#3;876057378#4;880137010,runs_J_k16_plain\init_seed1\g011_i004,runs_J_k16_plain\init_seed1\g011_i004\tripinfo.xml
11,5,16,388.6786666666667,-311298662#0;-311298685;-782714966#0;-876343449#2;-880137009#0;111677668#3;26216781#1;28468732#1;311298665;4935286#2;4970256#5;4970256#8;535519490#0;783907721#1;876057378#1;880137009#1,runs_J_k16_plain\init_seed1\g011_i005,runs_J_k16_plain\init_seed1\g011_i005\tripinfo.xml
11,6,16,621.768,-120682114#1;-311298662#1;-876343449#1;-880137009#1;111677669#3;111681903#1;111681903#3;111681905#1;311298662#0;37628709#1;782714966#1;782714971#0;783907721#1;835443464;835445203;876343449#2,runs_J_k16_plain\init_seed1\g011_i006,runs_J_k16_plain\init_seed1\g011_i006\tripinfo.xml
11,7,16,591.2486666666666,-111681903#1;-311298662#0;-311298685;-5197062#4;-782714966#1;111677668#3;111677668#4;120682114#3;24337240#5;311298682#0;4935286#0;782714971#3;783907721#0;783907721#1;880137009#0;880140407,runs_J_k16_plain\init_seed1\g011_i007,runs_J_k16_plain\init_seed1\g011_i007\tripinfo.xml
11,8,15,699.8906666666667,-111681903#1;-25970859#0;-498033359#2;-498033359#3;111677671#0;24337240#0;26216781#2;4970256#6;62826731;782714971#1;783907721#0;783907721#1;876343449#1;880137009#1;880137010,runs_J_k16_plain\init_seed1\g011_i008,runs_J_k16_plain\init_seed1\g011_i008\tripinfo.xml
11,9,16,634.6526666666666,-111677668#3;-111677671#0;-120682114#1;-311298662#0;-5197062#3;-783907721#2;-876343449#2;111677668#3;111677668#4;111677669#5;26216779#0;28468732#0;535519490#0;747448014;782714971#3;876057378#0,runs_J_k16_plain\init_seed1\g011_i009,runs_J_k16_plain\init_seed1\g011_i009\tripinfo.xml
11,10,16,486.99266666666665,-111677671#0;-24337240#2;-25970859#1;-498033359#3;-502325084#3;-783907721#2;-835445203;-880137009#1;111681903#3;111681905#1;4935286#3;4970256#6;5197062#4;747448014;783907721#1;876057378#0,runs_J_k16_plain\init_seed1\g011_i010,runs_J_k16_plain\init_seed1\g011_i010\tripinfo.xml
11,11,14,367.43333333333334,-111677668#3;-111681903#2;-120682114#1;-4950193;-502325084#3;-5197062#3;-535519490#0;-783907721#2;111681903#3;37628709#1;4935286#2;4935286#3;4970256#7;58621262#1,runs_J_k16_plain\init_seed1\g011_i011,runs_J_k16_plain\init_seed1\g011_i011\tripinfo.xml
11,12,16,438.2493333333333,-111681903#1;-25970859#0;-502325084#3;-782714971#1;111677669#4;111681903#3;26216779#1;26216781#3;28468730#0;311298662#1;311298665;4935286#2;502325084#3;5197062#3;58621262#0;880137010,runs_J_k16_plain\init_seed1\g011_i012,runs_J_k16_plain\init_seed1\g011_i012\tripinfo.xml
11,13,16,575.39,-111681903#0;-311298662#0;-498033359#0;-502325084#1;-535519490#0;-782714966#1;-880140407;111681905#2;120682114#3;24337240#0;24337240#2;26216779#0;311298662#0;782714971#4;783907721#0;880140407,runs_J_k16_plain\init_seed1\g011_i013,runs_J_k16_plain\init_seed1\g011_i013\tripinfo.xml
11,14,16,605.0086666666666,-111681903#1;-24337240#0;-311298662#0;-7365262;-876343449#0;111681903#2;111681905#2;131942152;24337240#3;26216781#1;37628709#0;4935286#1;783907721#0;7924772;876057378#4;880137010,runs_J_k16_plain\init_seed1\g011_i014,runs_J_k16_plain\init_seed1\g011_i014\tripinfo.xml
11,15,16,394.926,-120682114#1;-498033359#2;-5197062#3;-782714966#0;-782714971#2;-783907721#1;-876343449#1;111677671#0;111681905#1;24337240#2;37628709#0;4935286#2;747448014;835445203;876343449#1;880137010,runs_J_k16_plain\init_seed1\g011_i015,runs_J_k16_plain\init_seed1\g011_i015\tripinfo.xml
11,16,16,448.3593333333333,-502325084#3;-782714966#1;-880140407;111677669#0;24337240#1;26216781#3;4935286#2;4935286#3;498033359#2;502325084#1;5197062#4;747448014;782714971#2;783907721#1;876057376;876057378#0,runs_J_k16_plain\init_seed1\g011_i016,runs_J_k16_plain\init_seed1\g011_i016\tripinfo.xml
11,17,16,896.1726666666667,-311298658;-4950193;-498033359#0;-498033359#1;-502325084#3;-535519490#0;-782714971#1;26216781#1;311298658;498033359#0;498033359#1;498033359#2;747448014;876057378#0;876057378#3;876343449#0,runs_J_k16_plain\init_seed1\g011_i017,runs_J_k16_plain\init_seed1\g011_i017\tripinfo.xml
11,18,16,683.562,-311298662#0;-502325084#0;-535519490#1;-782714971#4;-835443464;111677669#2;111677669#5;111681905#2;120682114#1;24337240#2;26216779#0;4970256#5;498033359#0;58621262#1;876057378#5;880137009#1,runs_J_k16_plain\init_seed1\g011_i018,runs_J_k16_plain\init_seed1\g011_i018\tripinfo.xml
11,19,16,674.1593333333333,-120682114#2;-28298231;-311298662#0;-311298685;-502325084#3;-7365262;-782714971#3;-876343449#1;111681905#1;120682114#3;26216779#0;26216781#2;28468732#0;5197062#4;58621262#0;880137009#1,runs_J_k16_plain\init_seed1\g011_i019,runs_J_k16_plain\init_seed1\g011_i019\tripinfo.xml
11,20,16,671.836,-311298685;-502325084#1;-782714966#1;-782714971#4;111677668#4;111677669#5;24337240#2;502325084#0;5197062#3;535519490#1;62826731;782714971#4;783907721#0;835445203;876057378#4;880137009#1,runs_J_k16_plain\init_seed1\g011_i020,runs_J_k16_plain\init_seed1\g011_i020\tripinfo.xml
11,21,16,678.5486666666667,-24337240#3;-498033359#3;-5197062#3;-535519490#0;-835445203;-880140407;111677669#0;111681903#3;120682114#3;26216779#1;311298658;311298662#0;4935286#2;502325084#1;5197062#4;747448014,runs_J_k16_plain\init_seed1\g011_i021,runs_J_k16_plain\init_seed1\g011_i021\tripinfo.xml
11,22,16,583.5626666666667,-502325084#3;-782714971#1;-782714971#4;-880137009#1;111677668#3;111677669#3;26216779#0;26216781#2;4935286#0;4935286#2;4970256#7;502325084#3;5197062#3;835445203;876057378#1;876057378#3,runs_J_k16_plain\init_seed1\g011_i022,runs_J_k16_plain\init_seed1\g011_i022\tripinfo.xml
11,23,16,728.7233333333334,-111681903#1;-311298658;-782714966#1;-876343449#0;-876343449#2;111681903#1;120682114#1;535519490#0;58621262#0;782714971#3;876057376;876057378#0;876057378#3;876057378#5;876343449#2;880137009#1,runs_J_k16_plain\init_seed1\g011_i023,runs_J_k16_plain\init_seed1\g011_i023\tripinfo.xml
12,0,16,352.83666666666664,-120682114#1;-311298662#0;-311298685;-5197062#3;-782714966#0;-782714966#1;-876343449#1;-880137009#0;111681905#1;4935286#2;4935286#3;535519490#0;782714966#1;783907721#1;880137009#1;880137010,runs_J_k16_plain\init_seed1\g012_i000,runs_J_k16_plain\init_seed1\g012_i000\tripinfo.xml
12,1,16,1512.4933333333333,-111677671#0;-120682114#2;-24337240#7;-502325084#3;-783907721#1;-880137009#0;111677668#0;120682114#3;26216781#3;28468730#1;311298662#1;4970256#6;782714971#0;876057378#0;876343449#0;880137009#1,runs_J_k16_plain\init_seed1\g012_i001,runs_J_k16_plain\init_seed1\g012_i001\tripinfo.xml
12,2,16,603.8846666666667,-24337240#4;-311298658;-311298662#0;-4950193;-783907721#0;111677669#5;111681905#2;120682114#1;26216779#1;311298685;4935286#3;4970256#5;5197062#3;62826731;876343449#1;880140407,runs_J_k16_plain\init_seed1\g012_i002,runs_J_k16_plain\init_seed1\g012_i002\tripinfo.xml
12,3,16,366.326,-111677668#0;-24337240#4;-311298662#0;-311298662#1;-502325084#1;-5197062#4;-7365262;-782714966#0;-876343449#1;24337240#0;24337240#3;26216781#1;4935286#2;4935286#3;4970256#8;876057378#4,runs_J_k16_plain\init_seed1\g012_i003,runs_J_k16_plain\init_seed1\g012_i003\tripinfo.xml
12,4,12,550.32,-111681903#3;-311298685;-782714966#0;111681905#1;535519490#0;782714966#1;782714971#1;783907721#1;876057378#1;876057378#3;880137009#1;880137010,runs_J_k16_plain\init_seed1\g012_i004,runs_J_k16_plain\init_seed1\g012_i004\tripinfo.xml
12,5,16,412.086,-24337240#7;-498033359#0;-782714966#1;-782714971#1;-783907721#0;-876343449#0;111677669#5;120682114#3;26216781#1;26216781#2;311298665;4935286#3;4970256#5;498033359#3;7924772;876343449#0,runs_J_k16_plain\init_seed1\g012_i005,runs_J_k16_plain\init_seed1\g012_i005\tripinfo.xml
12,6,16,1000000000000.0,-120682114#2;-24337240#4;-311298662#0;-311298665;-535519490#0;-782714966#1;-783907721#1;111681905#1;131942152;311298662#1;502325084#0;535519490#0;782714966#1;782714971#1;783907721#1;876343449#0,runs_J_k16_plain\init_seed1\g012_i006,runs_J_k16_plain\init_seed1\g012_i006\tripinfo.xml
12,7,16,413.266,-111681903#3;-120682114#1;-24337240#0;-311298685;-782714966#0;-876343449#1;111677669#1;111681903#1;24337240#2;4935286#2;4935286#3;4970256#7;782714971#0;782714971#2;783907721#1;876343449#2,runs_J_k16_plain\init_seed1\g012_i007,runs_J_k16_plain\init_seed1\g012_i007\tripinfo.xml
12,8,16,1000000000000.0,-111677671#0;-120682114#1;-24337240#0;-24337240#6;-311298665;-311298685;-5197062#3;-782714966#0;-835445203;111677669#0;26216779#0;26216779#1;783907721#0;876057378#5;880137009#1;880137010,runs_J_k16_plain\init_seed1\g012_i008,runs_J_k16_plain\init_seed1\g012_i008\tripinfo.xml
12,9,16,395.638,-111677671#0;-28468730#0;-783907721#2;-876343449#0;111681903#3;24337240#4;4935286#2;4935299#1;502325084#1;5197062#4;58621262#1;876057378#0;876057378#1;876057378#3;876057378#5;876343449#0,runs_J_k16_plain\init_seed1\g012_i009,runs_J_k16_plain\init_seed1\g012_i009\tripinfo.xml
12,10,8,642.4953333333333,-111677668#0;-111677668#3;-111681903#2;-535519490#0;111677671#0;5197062#4;535519490#1;747448014,runs_J_k16_plain\init_seed1\g012_i010,runs_J_k16_plain\init_seed1\g012_i010\tripinfo.xml
12,11,16,418.036,-205590836#0;-311298662#0;-311298685;-782714966#0;-782714966#1;-783907721#1;24337240#3;26216779#0;311298658;4935286#2;4970256#6;535519490#0;782714966#1;835443464;835445203;876057378#5,runs_J_k16_plain\init_seed1\g012_i011,runs_J_k16_plain\init_seed1\g012_i011\tripinfo.xml
12,12,16,375.8693333333333,-120682114#2;-311298685;-5197062#3;-782714966#0;-783907721#0;-876343449#1;-880137009#0;111677669#3;111677671#0;111681903#3;120682114#1;120682114#2;37628709#0;4935286#2;4970256#6;880137010,runs_J_k16_plain\init_seed1\g012_i012,runs_J_k16_plain\init_seed1\g012_i012\tripinfo.xml
12,13,16,512.016,-111677668#3;-120682114#1;-880137009#1;111677668#0;111677669#1;24337240#1;24337240#2;26216779#0;311298665;4935286#2;4935286#3;498033359#0;747448014;782714971#2;876057378#0;876343449#2,runs_J_k16_plain\init_seed1\g012_i013,runs_J_k16_plain\init_seed1\g012_i013\tripinfo.xml
12,14,16,573.0233333333333,-120682114#3;-311298685;-876343449#0;-876343449#1;-880140407;111677668#4;111677669#0;111681903#1;111681903#3;111681905#2;120682114#1;24337240#0;4935286#0;62826731;782714971#4;783907721#1,runs_J_k16_plain\init_seed1\g012_i014,runs_J_k16_plain\init_seed1\g012_i014\tripinfo.xml
12,15,16,644.456,-120682114#1;-120682114#2;-120682114#3;-535519490#0;111677669#1;111681905#1;24337240#1;311298658;311298662#1;4970256#5;502325084#1;5197062#4;782714966#0;782714971#1;835443464;876343449#0,runs_J_k16_plain\init_seed1\g012_i015,runs_J_k16_plain\init_seed1\g012_i015\tripinfo.xml
12,16,16,1591.7273333333333,-120682114#2;-311298662#0;-311298682#0;-782714966#1;-783907721#2;111677669#1;25970859#0;37628709#1;4935286#3;498033359#2;535519490#0;782714966#1;783907721#0;835445203;880137009#1;880137010,runs_J_k16_plain\init_seed1\g012_i016,runs_J_k16_plain\init_seed1\g012_i016\tripinfo.xml
12,17,16,1000000000000.0,-120682114#1;-24337240#6;-24337240#7;-311298665;-311298685;-782714966#1;-880140407;111681903#3;25970859#0;311298662#0;37628709#0;4935286#1;4935286#2;4935286#3;4970256#6;876343449#0,runs_J_k16_plain\init_seed1\g012_i017,runs_J_k16_plain\init_seed1\g012_i017\tripinfo.xml
12,18,16,654.21,-111681903#1;-120682114#1;-311298658;-876343449#1;111677668#0;111677669#3;111681905#1;120682114#1;24337240#2;26216781#1;311298658;311298685;4935286#2;4935286#3;498033359#2;535519490#0,runs_J_k16_plain\init_seed1\g012_i018,runs_J_k16_plain\init_seed1\g012_i018\tripinfo.xml
12,19,16,1000000000000.0,-111681903#1;-111681903#2;-205590836#0;-311298682#0;-535519490#0;-74277990;-783907721#2;111677668#0;120682114#1;26216779#1;26216781#2;4970256#7;498033359#3;782714966#1;782714971#2;783907721#1,runs_J_k16_plain\init_seed1\g012_i019,runs_J_k16_plain\init_seed1\g012_i019\tripinfo.xml
12,20,14,1000000000000.0,-111681903#2;-205590836#0;-311298665;-880140407;111677668#3;111677669#0;25970859#1;4935286#3;4970256#5;502325084#0;502325084#3;5197062#3;5197062#4;782710712,runs_J_k16_plain\init_seed1\g012_i020,runs_J_k16_plain\init_seed1\g012_i020\tripinfo.xml
12,21,14,665.724,-111677668#3;-4950193;-502325084#3;-782714971#4;-835443464;111677669#4;111681903#3;24337240#3;24337240#7;26216781#2;28468732#0;311298658;5197062#3;876057378#0,runs_J_k16_plain\init_seed1\g012_i021,runs_J_k16_plain\init_seed1\g012_i021\tripinfo.xml
12,22,16,1000000000000.0,-111677668#0;-111677668#3;-111681903#2;-311298662#1;-311298685;-5197062#3;-535519490#0;-783907721#2;111681903#3;26216779#1;26216781#3;4935286#2;4970256#7;502325084#0;502325084#3;782714971#2,runs_J_k16_plain\init_seed1\g012_i022,runs_J_k16_plain\init_seed1\g012_i022\tripinfo.xml
12,23,16,662.8566666666667,-535519490#0;-782714966#1;-880137009#0;-880140407;111681903#3;111681905#1;24337240#0;311298662#1;4935286#3;498033359#2;747448014;783907721#0;7924772;835445203;876057378#0;876343449#1,runs_J_k16_plain\init_seed1\g012_i023,runs_J_k16_plain\init_seed1\g012_i023\tripinfo.xml
13,0,16,352.83666666666664,-120682114#1;-311298662#0;-311298685;-5197062#3;-782714966#0;-782714966#1;-876343449#1;-880137009#0;111681905#1;4935286#2;4935286#3;535519490#0;782714966#1;783907721#1;880137009#1;880137010,runs_J_k16_plain\init_seed1\g013_i000,runs_J_k16_plain\init_seed1\g013_i000\tripinfo.xml
13,1,16,2381.7426666666665,-311298685;-782714966#0;111677669#3;111677669#5;111677671#0;111681905#1;120682114#2;24337240#5;25970859#1;28468732#0;37628709#0;535519490#0;535519490#1;782714966#1;783907721#1;880137010,runs_J_k16_plain\init_seed1\g013_i001,runs_J_k16_plain\init_seed1\g013_i001\tripinfo.xml
13,2,16,368.366,-25970859#1;-311298685;-5197062#4;-782714966#0;-782714971#3;-876343449#1;-880137009#0;-880140407;111677669#1;24337240#7;4935286#2;4935286#3;876343449#2;880137009#0;880137009#1;880137010,runs_J_k16_plain\init_seed1\g013_i002,runs_J_k16_plain\init_seed1\g013_i002\tripinfo.xml
13,3,16,652.6526666666666,-205590836#0;-24337240#1;-24337240#3;-535519490#1;-782714966#0;-835445203;111677669#2;25970859#0;26216779#1;311298665;4935286#2;4935286#3;58621262#0;782714966#1;876057378#5;876343449#1,runs_J_k16_plain\init_seed1\g013_i003,runs_J_k16_plain\init_seed1\g013_i003\tripinfo.xml
13,4,11,353.68066666666664,-311298662#0;-4950193;-498033359#0;-7365262;-782714966#0;24337240#0;28468732#0;4935286#2;4970256#8;535519490#0;876057378#2,runs_J_k16_plain\init_seed1\g013_i004,runs_J_k16_plain\init_seed1\g013_i004\tripinfo.xml
13,5,16,576.9213333333333,-120682114#1;-24337240#0;-311298685;-498033359#1;-5197062#3;-782714966#0;-782714966#1;-783907721#1;-876343449#1;-880137009#0;111677668#0;111681905#2;24337240#3;311298682#0;747448014;876343449#0,runs_J_k16_plain\init_seed1\g013_i005,runs_J_k16_plain\init_seed1\g013_i005\tripinfo.xml
13,6,14,395.882,-782714966#0;-783907721#1;111677669#5;111681905#1;24337240#1;28468732#0;28468732#1;311298662#0;4935286#2;4935286#3;535519490#1;876057378#1;880137009#1;880137010,runs_J_k16_plain\init_seed1\g013_i006,runs_J_k16_plain\init_seed1\g013_i006\tripinfo.xml
13,7,16,713.6793333333334,-120682114#2;-25970859#0;-28298231;-311298685;-7365262;-782714966#0;-880140407;111677668#4;111681903#0;111681903#3;24337240#0;26216781#0;37628709#0;4935286#0;4970256#6;783907721#2,runs_J_k16_plain\init_seed1\g013_i007,runs_J_k16_plain\init_seed1\g013_i007\tripinfo.xml
13,8,16,699.3706666666667,-311298685;-498033359#1;-783907721#2;-876343449#0;111677668#4;111677671#0;111681903#1;111681905#2;120682114#1;120682114#2;24337240#7;28468732#0;502325084#1;782714971#0;783907721#1;876343449#1,runs_J_k16_plain\init_seed1\g013_i008,runs_J_k16_plain\init_seed1\g013_i008\tripinfo.xml
13,9,16,1507.6146666666666,-120682114#2;-311298662#0;-311298685;-502325084#1;-782714966#0;-783907721#2;-835443464;120682114#2;24337240#2;26216779#1;26216781#1;502325084#0;535519490#0;782714966#0;783907721#1;876057378#5,runs_J_k16_plain\init_seed1\g013_i009,runs_J_k16_plain\init_seed1\g013_i009\tripinfo.xml
13,10,16,1000000000000.0,-24337240#0;-24337240#6;-311298685;-4950193;-7365262;-782714966#0;-880137009#1;111681903#0;502325084#1;535519490#0;782714966#1;782714971#0;782714971#1;782714971#2;783907721#1;880137010,runs_J_k16_plain\init_seed1\g013_i010,runs_J_k16_plain\init_seed1\g013_i010\tripinfo.xml
13,11,7,1000000000000.0,-311298665;-880137009#1;311298682#0;782714966#1;783907721#2;880137009#0;880137010,runs_J_k16_plain\init_seed1\g013_i011,runs_J_k16_plain\init_seed1\g013_i011\tripinfo.xml
13,12,16,489.55733333333336,-111677668#0;-111677668#3;-120682114#1;-24337240#0;-311298662#0;-876343449#1;-880137009#1;111677671#0;111681905#1;120682114#3;311298665;4935299#1;498033359#0;783907721#1;876343449#0;876343449#2,runs_J_k16_plain\init_seed1\g013_i012,runs_J_k16_plain\init_seed1\g013_i012\tripinfo.xml
13,13,16,671.9526666666667,-120682114#2;-24337240#4;-24337240#6;-311298685;-5197062#3;-782714966#0;-876343449#1;25970859#1;26216781#0;4935286#1;4935286#2;502325084#0;535519490#0;782714966#0;783907721#1;880137009#1,runs_J_k16_plain\init_seed1\g013_i013,runs_J_k16_plain\init_seed1\g013_i013\tripinfo.xml
13,14,16,427.5606666666667,-120682114#1;-120682114#2;-502325084#1;-5197062#4;-7365262;-783907721#0;-876343449#1;-880137009#1;111681905#1;4935286#2;535519490#0;783907721#1;835443464;876057378#0;876057378#1;876057378#4,runs_J_k16_plain\init_seed1\g013_i014,runs_J_k16_plain\init_seed1\g013_i014\tripinfo.xml
13,15,16,739.856,-120682114#1;-120682114#3;-24337240#0;-25970859#0;-311298662#0;-311298685;-782714966#0;-782714966#1;-880140407;111681903#3;26216781#1;4935286#1;498033359#3;535519490#0;58621262#1;880137009#1,runs_J_k16_plain\init_seed1\g013_i015,runs_J_k16_plain\init_seed1\g013_i015\tripinfo.xml
13,16,15,2907.020666666667,-4950193;-782714966#1;-783907721#1;-876343449#1;111681903#2;111681905#1;26216779#0;311298658;311298662#1;4935286#2;62826731;782714971#1;782714971#3;835443464;880137009#1,runs_J_k16_plain\init_seed1\g013_i016,runs_J_k16_plain\init_seed1\g013_i016\tripinfo.xml
13,17,16,692.7513333333334,-120682114#1;-24337240#3;-24337240#6;-24337240#7;-28468730#0;-74277990;-880140407;24337240#2;25970859#0;37628709#0;4935286#3;4935299#1;5197062#4;535519490#0;783907721#1;880137010,runs_J_k16_plain\init_seed1\g013_i017,runs_J_k16_plain\init_seed1\g013_i017\tripinfo.xml
13,18,16,693.332,-120682114#1;-24337240#6;-5197062#3;-876343449#1;-880137009#0;111681905#1;111681905#2;205590836#2;26216779#1;311298662#0;4970256#6;498033359#0;502325084#0;5197062#4;62826731;782714971#0,runs_J_k16_plain\init_seed1\g013_i018,runs_J_k16_plain\init_seed1\g013_i018\tripinfo.xml
13,19,15,634.7626666666666,-24337240#7;-28298231;-5197062#3;-782714966#1;-876343449#1;111677668#4;111677669#4;26216781#3;37628709#0;4970256#6;498033359#2;747448014;782714966#1;876057378#1;876057378#5,runs_J_k16_plain\init_seed1\g013_i019,runs_J_k16_plain\init_seed1\g013_i019\tripinfo.xml
13,20,16,523.344,-111681903#3;-311298662#0;-502325084#0;-783907721#0;-876343449#0;-876343449#1;-880137009#1;111677669#3;24337240#4;26216781#2;4935286#2;4935286#3;782714971#3;876057378#3;880137009#1;880137010,runs_J_k16_plain\init_seed1\g013_i020,runs_J_k16_plain\init_seed1\g013_i020\tripinfo.xml
13,21,16,631.0926666666667,-111677668#0;-111681903#0;-24337240#4;-311298658;-311298662#0;-502325084#1;-7365262;-782714966#0;111677668#3;111677669#2;24337240#0;24337240#3;26216781#1;311298682#0;4935286#2;4935286#3,runs_J_k16_plain\init_seed1\g013_i021,runs_J_k16_plain\init_seed1\g013_i021\tripinfo.xml
13,22,16,634.0313333333334,-311298662#0;-311298662#1;-835445203;111677669#5;24337240#1;24337240#2;25970859#0;26216781#1;311298658;4970256#6;4970256#8;498033359#0;498033359#1;498033359#2;876057378#4;876343449#1,runs_J_k16_plain\init_seed1\g013_i022,runs_J_k16_plain\init_seed1\g013_i022\tripinfo.xml
13,23,16,404.0226666666667,-111677668#0;-111677671#0;-24337240#4;-311298662#1;-5197062#3;-782714971#0;-782714971#2;-876343449#1;111677668#4;311298662#0;4935286#2;4935286#3;535519490#0;783907721#0;835443464;876343449#1,runs_J_k16_plain\init_seed1\g013_i023,runs_J_k16_plain\init_seed1\g013_i023\tripinfo.xml
14,0,16,352.83666666666664,-120682114#1;-311298662#0;-311298685;-5197062#3;-782714966#0;-782714966#1;-876343449#1;-880137009#0;111681905#1;4935286#2;4935286#3;535519490#0;782714966#1;783907721#1;880137009#1;880137010,runs_J_k16_plain\init_seed1\g014_i000,runs_J_k16_plain\init_seed1\g014_i000\tripinfo.xml
14,1,16,569.0273333333333,-311298685;-4950193;-502325084#1;-782714966#0;-782714971#4;-876343449#1;-880137009#0;-880137009#1;131942152;311298662#1;311298682#0;4935286#3;4970256#7;502325084#0;747448014;876057378#1,runs_J_k16_plain\init_seed1\g014_i001,runs_J_k16_plain\init_seed1\g014_i001\tripinfo.xml
14,2,16,1890.446,-24337240#4;-28468730#0;-5197062#3;-782714966#0;-782714966#1;-783907721#1;111677668#0;111677668#3;111681903#2;24337240#1;28468732#0;4935286#3;535519490#1;782714971#1;876057376;876343449#0,runs_J_k16_plain\init_seed1\g014_i002,runs_J_k16_plain\init_seed1\g014_i002\tripinfo.xml
14,3,16,711.406,-120682114#2;-311298685;-502325084#0;-502325084#1;-5197062#4;-782714966#0;-782714966#1;-783907721#0;-880137009#1;111677669#0;111681903#3;26216781#2;502325084#0;535519490#0;876057378#0;876057378#1,runs_J_k16_plain\init_seed1\g014_i003,runs_J_k16_plain\init_seed1\g014_i003\tripinfo.xml
14,4,16,433.648,-28298231;-311298662#1;-5197062#4;-535519490#1;-880140407;111677669#2;24337240#2;26216781#1;37628709#1;4970256#5;4970256#6;4970256#8;498033359#0;498033359#2;5197062#3;782710712,runs_J_k16_plain\init_seed1\g014_i004,runs_J_k16_plain\init_seed1\g014_i004\tripinfo.xml
14,5,16,555.8633333333333,-120682114#1;-24337240#7;-535519490#1;-74277990;-782714971#2;-876343449#0;-880140407;131942152;24337240#2;26216781#1;498033359#0;498033359#1;535519490#0;58621262#1;783907721#1;876343449#1,runs_J_k16_plain\init_seed1\g014_i005,runs_J_k16_plain\init_seed1\g014_i005\tripinfo.xml
14,6,16,654.0773333333333,-205590836#0;-24337240#3;-24337240#6;-311298662#0;-311298662#1;-5197062#3;-782714971#1;-876343449#2;-880140407;111677669#1;111677669#4;120682114#1;24337240#1;535519490#0;782710712;876057378#4,runs_J_k16_plain\init_seed1\g014_i006,runs_J_k16_plain\init_seed1\g014_i006\tripinfo.xml
14,7,4,655.478,-24337240#0;-783907721#1;111677671#0;120682114#1,runs_J_k16_plain\init_seed1\g014_i007,runs_J_k16_plain\init_seed1\g014_i007\tripinfo.xml
14,8,16,644.456,-120682114#1;-311298658;-311298685;-498033359#1;-5197062#3;-783907721#1;-835443464;-880137009#0;111681905#1;311298665;747448014;782714966#1;783907721#0;876343449#0;880137009#1;880140407,runs_J_k16_plain\init_seed1\g014_i008,runs_J_k16_plain\init_seed1\g014_i008\tripinfo.xml
14,9,16,1000000000000.0,-311298662#0;-498033359#0;-535519490#1;-74277990;-782714966#0;-880140407;111677669#0;111677669#1;111677669#5;26216781#2;28468732#0;37628709#0;4935286#2;4935286#3;835445203;880137010,runs_J_k16_plain\init_seed1\g014_i009,runs_J_k16_plain\init_seed1\g014_i009\tripinfo.xml
14,10,16,681.6493333333333,-5197062#4;-782714971#1;-782714971#4;-783907721#1;-876343449#1;111677668#3;24337240#0;25970859#1;311298658;4935286#2;4970256#8;498033359#2;782714966#0;783907721#2;876343449#2;880137009#1,runs_J_k16_plain\init_seed1\g014_i010,runs_J_k16_plain\init_seed1\g014_i010\tripinfo.xml
14,11,16,982.5113333333334,-111681903#0;-120682114#1;-502325084#1;-782714966#0;-783907721#0;-876343449#1;111681905#2;120682114#3;24337240#7;26216779#0;502325084#3;782714971#2;783907721#1;876343449#2;880137009#0;880137009#1,runs_J_k16_plain\init_seed1\g014_i011,runs_J_k16_plain\init_seed1\g014_i011\tripinfo.xml
14,12,16,638.6053333333333,-120682114#1;-24337240#6;-311298658;-311298685;-876343449#1;-880140407;111677668#0;111677671#0;111681905#1;120682114#3;311298658;782714971#3;783907721#0;876343449#2;880137009#1;880140407,runs_J_k16_plain\init_seed1\g014_i012,runs_J_k16_plain\init_seed1\g014_i012\tripinfo.xml
14,13,2,644.456,-4950193;-782714966#0,runs_J_k16_plain\init_seed1\g014_i013,runs_J_k16_plain\init_seed1\g014_i013\tripinfo.xml
14,14,16,497.5613333333333,-24337240#4;-311298658;-502325084#1;-783907721#1;-835445203;-880137009#0;111681903#2;111681905#2;24337240#3;28468732#1;311298662#0;311298682#0;4935286#0;4935286#3;502325084#0;876057378#3,runs_J_k16_plain\init_seed1\g014_i014,runs_J_k16_plain\init_seed1\g014_i014\tripinfo.xml
14,15,16,393.692,-111681903#1;-311298662#0;-311298685;-502325084#1;-535519490#0;-782714966#0;-782714966#1;-876343449#1;-880137009#0;111681905#1;4935286#2;4935299#1;498033359#0;5197062#4;876057376;880137009#0,runs_J_k16_plain\init_seed1\g014_i015,runs_J_k16_plain\init_seed1\g014_i015\tripinfo.xml
14,16,6,609.4886666666666,-24337240#0;-311298662#0;-311298685;-5197062#4;-783907721#1;111681905#2,runs_J_k16_plain\init_seed1\g014_i016,runs_J_k16_plain\init_seed1\g014_i016\tripinfo.xml
14,17,16,1819.872,-311298662#0;-7365262;-782714971#0;-782714971#2;-876343449#1;111677669#2;24337240#0;24337240#1;24337240#4;26216781#0;28468730#0;311298682#0;37628709#1;4935286#3;876343449#1;880137009#0,runs_J_k16_plain\init_seed1\g014_i017,runs_J_k16_plain\init_seed1\g014_i017\tripinfo.xml
14,18,16,734.6786666666667,-111677668#0;-120682114#1;-502325084#3;-5197062#3;-782714966#0;111677668#4;26216781#1;26216781#2;311298662#0;311298665;4935286#2;4935286#3;535519490#0;62826731;782714971#0;782714971#2,runs_J_k16_plain\init_seed1\g014_i018,runs_J_k16_plain\init_seed1\g014_i018\tripinfo.xml
14,19,16,1000000000000.0,-111677668#0;-111677668#3;-205590836#0;-311298662#0;-4950193;-535519490#1;-782714966#0;111677671#0;111681905#1;120682114#3;24337240#0;4935286#2;4935286#3;782714966#1;876343449#0;880137009#1,runs_J_k16_plain\init_seed1\g014_i019,runs_J_k16_plain\init_seed1\g014_i019\tripinfo.xml
14,20,16,362.806,-111677668#0;-311298685;-498033359#0;-5197062#4;-74277990;-782714966#0;-783907721#1;-876343449#1;111677669#1;111677669#2;26216781#0;28468732#0;28468732#1;4935286#2;535519490#0;58621262#1,runs_J_k16_plain\init_seed1\g014_i020,runs_J_k16_plain\init_seed1\g014_i020\tripinfo.xml
14,21,16,1000000000000.0,-111677668#4;-111677671#0;-311298662#1;-535519490#1;-782714966#0;120682114#2;26216779#1;4935286#3;4970256#8;502325084#0;502325084#1;535519490#0;782714971#3;782714971#4;783907721#2;835443464,runs_J_k16_plain\init_seed1\g014_i021,runs_J_k16_plain\init_seed1\g014_i021\tripinfo.xml
14,22,16,651.8326666666667,-111677671#0;-120682114#1;-24337240#1;-24337240#4;-5197062#3;-535519490#1;-835445203;111677668#4;111677669#2;111681903#2;24337240#4;311298662#0;4935286#2;5197062#3;535519490#0;835443464,runs_J_k16_plain\init_seed1\g014_i022,runs_J_k16_plain\init_seed1\g014_i022\tripinfo.xml
14,23,16,739.698,-24337240#0;-25970859#0;-535519490#0;-782714966#1;-782714971#1;111677668#0;111677669#5;111681905#1;24337240#7;26216781#2;311298662#0;311298685;4935286#2;4935286#3;880137009#1;880137010,runs_J_k16_plain\init_seed1\g014_i023,runs_J_k16_plain\init_seed1\g014_i023\tripinfo.xml
15,0,16,352.83666666666664,-120682114#1;-311298662#0;-311298685;-5197062#3;-782714966#0;-782714966#1;-876343449#1;-880137009#0;111681905#1;4935286#2;4935286#3;535519490#0;782714966#1;783907721#1;880137009#1;880137010,runs_J_k16_plain\init_seed1\g015_i000,runs_J_k16_plain\init_seed1\g015_i000\tripinfo.xml
15,1,16,516.292,-111681903#0;-24337240#4;-502325084#3;-5197062#3;-5197062#4;-7365262;-880137009#0;111681905#2;24337240#3;311298685;4935286#0;4935286#3;4935299#1;747448014;782714971#4;880137009#0,runs_J_k16_plain\init_seed1\g015_i001,runs_J_k16_plain\init_seed1\g015_i001\tripinfo.xml
15,2,16,643.48,-120682114#1;-24337240#0;-311298658;-311298662#0;-311298685;120682114#2;24337240#0;24337240#7;311298665;4935286#1;4935286#2;4970256#6;498033359#2;535519490#0;62826731;876057378#5,runs_J_k16_plain\init_seed1\g015_i002,runs_J_k16_plain\init_seed1\g015_i002\tripinfo.xml
15,3,16,1000000000000.0,-120682114#1;-311298662#0;-311298662#1;-311298685;-502325084#0;-5197062#4;-535519490#1;111677669#2;111681903#3;111681905#2;24337240#1;37628709#1;4970256#8;498033359#1;782714971#2;7924772,runs_J_k16_plain\init_seed1\g015_i003,runs_J_k16_plain\init_seed1\g015_i003\tripinfo.xml
15,4,11,674.9906666666667,-120682114#2;-311298682#0;-498033359#3;-783907721#1;120682114#1;205590836#2;311298658;4935286#3;4970256#5;62826731;782714971#1,runs_J_k16_plain\init_seed1\g015_i004,runs_J_k16_plain\init_seed1\g015_i004\tripinfo.xml
15,5,16,634.1993333333334,-111681903#1;-205590836#0;-24337240#4;-311298662#0;-4950193;-876343449#1;-876343449#2;-880137009#0;-880140407;111677671#0;111681903#3;28468732#1;4935299#1;747448014;782714971#0;876343449#0,runs_J_k16_plain\init_seed1\g015_i005,runs_J_k16_plain\init_seed1\g015_i005\tripinfo.xml
15,6,16,633.0853333333333,-311298685;-502325084#1;-502325084#3;-782714966#0;-782714966#1;-782714971#4;111677669#4;111681903#0;205590836#2;26216781#3;28468732#0;37628709#0;4970256#7;502325084#0;62826731;880137009#1,runs_J_k16_plain\init_seed1\g015_i006,runs_J_k16_plain\init_seed1\g015_i006\tripinfo.xml
15,7,16,644.456,-120682114#1;-120682114#3;-24337240#2;-28298231;-498033359#0;-782714966#0;-782714966#1;-782714971#3;-876343449#1;-880137009#0;111681905#1;37628709#1;62826731;783907721#1;876057378#0;876343449#1,runs_J_k16_plain\init_seed1\g015_i007,runs_J_k16_plain\init_seed1\g015_i007\tripinfo.xml
15,8,16,546.9826666666667,-24337240#0;-311298685;-5197062#4;-535519490#1;-782714971#1;111677668#3;111677668#4;111677669#2;28468732#1;311298662#0;4935286#3;4935299#1;498033359#0;5197062#3;5197062#4;782714971#4,runs_J_k16_plain\init_seed1\g015_i008,runs_J_k16_plain\init_seed1\g015_i008\tripinfo.xml
15,9,16,1013.6686666666667,-111681903#1;-120682114#3;-24337240#3;-24337240#4;-311298662#0;-311298685;-498033359#3;-5197062#3;-535519490#0;-782714966#1;-783907721#1;-880137009#1;111677669#2;131942152;502325084#1;782714971#4,runs_J_k16_plain\init_seed1\g015_i009,runs_J_k16_plain\init_seed1\g015_i009\tripinfo.xml
15,10,16,576.52,-111677671#0;-111681903#3;-782714971#0;-876343449#1;-880137009#0;111677668#0;111677669#1;25970859#0;26216779#0;311298662#0;311298682#0;502325084#3;535519490#0;58621262#1;782714971#3;876057376,runs_J_k16_plain\init_seed1\g015_i010,runs_J_k16_plain\init_seed1\g015_i010\tripinfo.xml
15,11,16,576.9213333333333,-311298662#1;-502325084#3;-5197062#4;-782714966#0;-876343449#1;-880140407;111677668#0;111681905#2;24337240#2;26216779#0;26216779#1;311298658;37628709#1;4970256#7;4970256#8;783907721#0,runs_J_k16_plain\init_seed1\g015_i011,runs_J_k16_plain\init_seed1\g015_i011\tripinfo.xml
15,12,10,948.8006666666666,-24337240#6;-311298682#0;-535519490#0;-782714966#0;-880137009#0;111677669#5;4935286#3;498033359#0;782710712;782714971#0,runs_J_k16_plain\init_seed1\g015_i012,runs_J_k16_plain\init_seed1\g015_i012\tripinfo.xml
15,13,16,645.368,-111681903#2;-24337240#0;-498033359#1;-783907721#0;-783907721#1;111681903#0;131942152;24337240#1;24337240#4;24337240#5;26216781#1;311298685;535519490#0;58621262#1;876343449#1;880137009#0,runs_J_k16_plain\init_seed1\g015_i013,runs_J_k16_plain\init_seed1\g015_i013\tripinfo.xml
15,14,15,663.236,-120682114#1;-24337240#7;-498033359#3;-5197062#3;-74277990;-783907721#0;24337240#2;4935286#2;498033359#0;502325084#3;5197062#3;58621262#1;782714971#4;876057378#1;880137010,runs_J_k16_plain\init_seed1\g015_i014,runs_J_k16_plain\init_seed1\g015_i014\tripinfo.xml
15,15,16,921.56,-205590836#0;-24337240#7;-28468730#0;-498033359#0;-783907721#1;-876343449#1;111677669#0;111677669#2;24337240#3;24337240#4;311298658;4935286#2;5197062#3;535519490#0;782714971#0;782714971#2,runs_J_k16_plain\init_seed1\g015_i015,runs_J_k16_plain\init_seed1\g015_i015\tripinfo.xml
15,16,16,834.5773333333333,-111681903#1;-120682114#1;-24337240#1;-502325084#3;-5197062#4;-782714971#0;-782714971#3;-876343449#2;24337240#2;26216781#1;28468732#1;498033359#0;498033359#2;5197062#3;782714971#0;876057378#2,runs_J_k16_plain\init_seed1\g015_i016,runs_J_k16_plain\init_seed1\g015_i016\tripinfo.xml
15,17,9,374.816,-24337240#4;-5197062#4;-880140407;111677669#1;120682114#1;24337240#0;4935286#2;535519490#0;783907721#1,runs_J_k16_plain\init_seed1\g015_i017,runs_J_k16_plain\init_seed1\g015_i017\tripinfo.xml
15,18,16,391.204,-111677671#0;-311298662#0;-498033359#0;-5197062#3;-5197062#4;-876343449#1;111677669#2;24337240#4;26216781#0;4935286#2;4970256#7;58621262#1;62826731;782710712;782714971#4;880137009#0,runs_J_k16_plain\init_seed1\g015_i018,runs_J_k16_plain\init_seed1\g015_i018\tripinfo.xml
15,19,16,1000000000000.0,-25970859#0;-502325084#0;-502325084#1;-535519490#1;-782714966#0;-876343449#1;-880140407;111681903#1;111681903#2;26216781#1;311298685;4935286#3;498033359#0;535519490#0;782710712;880137009#0,runs_J_k16_plain\init_seed1\g015_i019,runs_J_k16_plain\init_seed1\g015_i019\tripinfo.xml
15,20,16,635.036,-111677671#0;-111681903#1;-205590836#0;-535519490#1;-782714966#1;-782714971#2;-880137009#0;498033359#0;498033359#3;502325084#1;502325084#3;535519490#0;835443464;835445203;876057378#4;876343449#1,runs_J_k16_plain\init_seed1\g015_i020,runs_J_k16_plain\init_seed1\g015_i020\tripinfo.xml
15,21,16,651.9426666666667,-111677668#4;-111681903#2;-24337240#1;-311298662#0;-782714966#1;-783907721#1;120682114#1;131942152;205590836#2;24337240#1;311298662#0;502325084#3;782714971#0;783907721#1;876057378#5;876343449#0,runs_J_k16_plain\init_seed1\g015_i021,runs_J_k16_plain\init_seed1\g015_i021\tripinfo.xml
15,22,16,404.2726666666667,-111677671#0;-120682114#1;-25970859#1;-5197062#3;-782714971#2;-876343449#1;-880137009#0;111677669#4;111677671#0;28468730#1;311298665;4935286#2;535519490#0;783907721#1;876057376;876343449#1,runs_J_k16_plain\init_seed1\g015_i022,runs_J_k16_plain\init_seed1\g015_i022\tripinfo.xml
15,23,16,584.706,-24337240#6;-4950193;-5197062#4;-7365262;111677669#0;111681903#1;131942152;26216779#1;26216781#1;26216781#3;498033359#0;747448014;783907721#1;876343449#1;880137009#0;880137009#1,runs_J_k16_plain\init_seed1\g015_i023,runs_J_k16_plain\init_seed1\g015_i023\tripinfo.xml
